0,1,-1,621,123,660,170,mask
1,1,-1,621,123,660,170,mask
2,1,-1,621,123,660,169,mask
3,1,-1,621,123,660,169,mask
4,1,-1,621,123,659,169,mask
5,1,-1,621,123,659,169,mask
6,1,-1,620,123,658,169,mask
7,1,-1,620,123,658,169,mask
8,1,-1,621,123,659,169,mask
9,1,-1,621,123,659,169,mask
10,1,-1,621,124,657,167,mask
11,1,-1,619,122,656,167,mask
12,1,-1,619,122,656,167,mask
13,1,-1,619,124,655,167,mask
14,1,-1,619,124,655,167,mask
15,1,-1,620,128,653,168,mask
16,1,-1,620,128,653,168,mask
17,1,-1,619,129,650,167,mask
18,1,-1,617,128,649,166,mask
19,1,-1,613,126,649,169,mask
20,1,-1,613,126,649,169,mask
21,1,-1,613,126,648,169,mask
22,1,-1,613,126,649,169,mask
23,1,-1,613,125,649,168,mask
24,1,-1,614,128,647,168,mask
25,1,-1,614,128,647,168,mask
26,1,-1,612,127,647,169,mask
27,1,-1,612,127,647,169,mask
28,1,-1,613,128,647,170,mask
29,1,-1,612,128,645,168,mask
30,1,-1,612,128,645,168,mask
31,1,-1,612,128,645,168,mask
32,1,-1,610,128,644,169,mask
33,1,-1,610,129,642,167,mask
34,1,-1,609,130,640,167,mask
35,1,-1,608,128,641,167,mask
36,1,-1,607,129,639,168,mask
37,1,-1,605,129,637,168,mask
38,1,-1,605,129,637,168,mask
39,1,-1,602,128,635,168,mask
40,1,-1,598,128,630,166,mask
41,1,-1,598,128,630,166,mask
42,1,-1,594,129,624,165,mask
43,1,-1,592,128,624,166,mask
44,1,-1,590,128,621,166,mask
45,1,-1,587,128,620,167,mask
46,1,-1,584,129,615,167,mask
47,1,-1,584,129,615,167,mask
48,1,-1,579,129,611,168,mask
49,1,-1,579,129,611,168,mask
50,2,-1,572,129,605,168,mask,-1,613,114,659,169,mask
51,2,-1,572,129,605,168,mask,-1,613,114,659,169,mask
52,2,-1,566,128,600,169,mask,-1,604,113,651,169,mask
53,2,-1,566,128,600,169,mask,-1,604,113,651,169,mask
54,2,-1,563,129,595,168,mask,-1,600,114,647,170,mask
55,2,-1,556,126,591,168,mask,-1,590,114,638,171,mask
56,2,-1,556,126,591,168,mask,-1,590,114,638,171,mask
57,2,-1,552,126,587,169,mask,-1,586,114,634,172,mask
58,2,-1,552,126,587,169,mask,-1,586,114,634,172,mask
59,2,-1,546,126,581,169,mask,-1,577,115,624,171,mask
60,2,-1,542,125,578,168,mask,-1,574,114,621,170,mask
61,2,-1,542,125,578,168,mask,-1,574,114,621,170,mask
62,2,-1,534,123,571,168,mask,-1,564,112,612,169,mask
63,2,-1,530,123,568,169,mask,-1,559,110,608,169,mask
64,2,-1,530,123,568,169,mask,-1,559,110,608,169,mask
65,2,-1,530,123,568,169,mask,-1,559,110,608,169,mask
66,2,-1,522,122,561,169,mask,-1,551,110,601,169,mask
67,2,-1,514,125,551,169,mask,-1,541,108,591,168,mask
68,2,-1,514,125,551,169,mask,-1,541,108,591,168,mask
69,2,-1,505,127,542,171,mask,-1,533,105,585,167,mask
70,2,-1,505,127,542,171,mask,-1,533,105,585,167,mask
71,2,-1,494,129,531,173,mask,-1,526,106,576,166,mask
72,2,-1,493,131,526,171,mask,-1,521,105,573,167,mask
73,2,-1,486,127,522,170,mask,-1,518,106,569,168,mask
74,2,-1,479,124,517,169,mask,-1,514,106,565,167,mask
75,2,-1,475,123,513,169,mask,-1,511,106,563,168,mask
76,2,-1,473,126,507,167,mask,-1,507,107,559,169,mask
77,2,-1,470,126,503,166,mask,-1,503,108,555,170,mask
78,2,-1,470,126,503,166,mask,-1,503,108,555,170,mask
79,2,-1,460,124,494,165,mask,-1,495,110,546,171,mask
80,2,-1,460,124,494,165,mask,-1,495,110,546,171,mask
81,2,-1,453,124,486,163,mask,-1,485,111,536,172,mask
82,2,-1,453,124,486,163,mask,-1,485,111,536,172,mask
83,2,-1,447,122,480,162,mask,-1,475,110,526,171,mask
84,2,-1,443,123,476,163,mask,-1,471,110,522,171,mask
85,2,-1,443,128,472,163,mask,-1,467,110,517,170,mask
86,2,-1,438,127,469,164,mask,-1,462,109,513,170,mask
87,2,-1,435,129,465,165,mask,-1,457,109,508,169,mask
88,2,-1,427,127,461,168,mask,-1,452,108,502,168,mask
89,2,-1,420,126,456,169,mask,-1,448,108,498,168,mask
90,2,-1,410,124,448,169,mask,-1,438,108,489,169,mask
91,2,-1,406,125,442,168,mask,-1,434,108,485,169,mask
92,2,-1,406,125,442,168,mask,-1,434,108,485,169,mask
93,2,-1,402,126,436,167,mask,-1,430,108,480,168,mask
94,2,-1,391,124,426,166,mask,-1,421,108,471,168,mask
95,2,-1,391,124,426,166,mask,-1,421,108,471,168,mask
96,2,-1,386,125,419,165,mask,-1,417,108,467,168,mask
97,2,-1,383,125,416,164,mask,-1,413,109,462,168,mask
98,2,-1,370,116,412,160,mask,-1,403,110,452,169,mask
99,2,-1,370,116,412,160,mask,-1,403,110,452,169,mask
100,2,-1,370,116,412,160,mask,-1,403,110,452,169,mask
101,2,-1,355,116,398,161,mask,-1,390,109,439,168,mask
102,2,-1,351,117,393,161,mask,-1,386,108,434,166,mask
103,2,-1,351,117,393,161,mask,-1,386,108,434,166,mask
104,2,-1,351,117,393,161,mask,-1,386,108,434,166,mask
105,2,-1,342,119,384,163,mask,-1,377,107,425,165,mask
106,2,-1,342,119,384,163,mask,-1,377,107,425,165,mask
107,2,-1,333,121,374,164,mask,-1,368,106,418,166,mask
108,2,-1,328,122,369,165,mask,-1,363,106,413,167,mask
109,2,-1,323,122,365,166,mask,-1,359,105,410,167,mask
110,2,-1,319,121,360,163,mask,-1,355,105,406,166,mask
111,2,-1,319,121,360,164,mask,-1,355,105,406,166,mask
112,2,-1,309,118,353,164,mask,-1,348,104,398,164,mask
113,2,-1,304,119,346,163,mask,-1,344,104,394,165,mask
114,2,-1,300,117,341,160,mask,-1,340,104,390,164,mask
115,2,-1,291,116,332,159,mask,-1,339,111,384,166,mask
116,2,-1,291,116,332,159,mask,-1,339,111,384,166,mask
117,2,-1,287,115,327,157,mask,-1,335,112,379,166,mask
118,2,-1,283,115,323,157,mask,-1,331,112,376,167,mask
119,2,-1,283,115,323,157,mask,-1,331,112,376,167,mask
120,2,-1,274,114,314,156,mask,-1,322,113,367,168,mask
121,2,-1,270,115,311,158,mask,-1,318,116,362,170,mask
122,2,-1,270,115,311,158,mask,-1,318,116,362,170,mask
123,2,-1,261,118,301,160,mask,-1,308,116,351,168,mask
124,2,-1,256,119,297,162,mask,-1,302,115,345,168,mask
125,2,-1,256,119,297,162,mask,-1,303,115,346,168,mask
126,2,-1,256,119,297,162,mask,-1,303,115,346,168,mask
127,2,-1,243,122,283,164,mask,-1,286,116,330,170,mask
128,2,-1,243,122,283,164,mask,-1,286,116,330,170,mask
129,2,-1,243,122,283,164,mask,-1,286,116,330,170,mask
130,2,-1,230,121,269,162,mask,-1,272,116,316,170,mask
131,2,-1,230,121,269,162,mask,-1,272,116,316,170,mask
132,2,-1,230,121,269,162,mask,-1,272,116,316,170,mask
133,2,-1,230,121,269,162,mask,-1,272,116,316,170,mask
134,2,-1,217,120,255,160,mask,-1,260,113,304,166,mask
135,2,-1,211,119,250,160,mask,-1,256,112,300,165,mask
136,2,-1,202,118,238,156,mask,-1,247,112,292,167,mask
137,2,-1,202,118,238,156,mask,-1,247,112,292,167,mask
138,2,-1,202,118,238,156,mask,-1,247,112,292,167,mask
139,2,-1,186,118,223,157,mask,-1,234,114,280,170,mask
140,3,-1,186,118,223,157,mask,-1,234,114,280,170,mask,-1,614,151,663,203,mask
141,3,-1,186,118,223,157,mask,-1,234,114,280,170,mask,-1,614,151,663,203,mask
142,3,-1,186,118,223,157,mask,-1,234,114,280,170,mask,-1,614,151,663,203,mask
143,3,-1,170,122,207,160,mask,-1,221,114,267,170,mask,-1,605,151,654,203,mask
144,3,-1,170,122,207,160,mask,-1,221,114,267,170,mask,-1,605,151,654,203,mask
145,3,-1,170,122,207,160,mask,-1,221,114,267,170,mask,-1,605,151,654,203,mask
146,3,-1,170,122,207,160,mask,-1,201,111,247,167,mask,-1,595,151,646,205,mask
147,3,-1,170,122,207,160,mask,-1,201,111,247,167,mask,-1,595,151,645,204,mask
148,3,-1,170,122,207,160,mask,-1,201,111,247,167,mask,-1,597,152,645,203,mask
149,3,-1,126,121,173,170,mask,-1,189,110,235,166,mask,-1,588,152,638,205,mask
150,3,-1,120,120,166,168,mask,-1,186,110,232,166,mask,-1,585,152,636,206,mask
151,4,-1,114,120,161,169,mask,-1,181,109,227,165,mask,-1,585,152,633,203,mask,-1,531,141,576,188,mask
152,4,-1,110,120,156,168,mask,-1,177,109,224,167,mask,-1,579,151,633,208,mask,-1,527,141,573,189,mask
153,4,-1,110,120,156,168,mask,-1,177,109,224,167,mask,-1,579,151,633,208,mask,-1,527,141,573,189,mask
154,4,-1,92,120,140,170,mask,-1,165,110,211,167,mask,-1,573,150,627,207,mask,-1,517,140,566,191,mask
155,4,-1,93,121,140,170,mask,-1,165,110,211,167,mask,-1,573,150,627,207,mask,-1,517,140,566,191,mask
156,4,-1,87,122,135,172,mask,-1,160,112,206,169,mask,-1,571,151,623,206,mask,-1,514,139,561,188,mask
157,4,-1,87,122,135,172,mask,-1,160,112,206,169,mask,-1,571,151,623,206,mask,-1,514,139,561,188,mask
158,4,-1,81,123,129,173,mask,-1,156,113,202,170,mask,-1,569,150,622,206,mask,-1,511,140,559,190,mask
159,4,-1,81,123,129,173,mask,-1,156,113,202,170,mask,-1,569,150,622,206,mask,-1,511,140,559,190,mask
160,4,-1,81,123,129,173,mask,-1,156,113,202,170,mask,-1,569,150,622,206,mask,-1,511,140,559,190,mask
161,4,-1,81,123,129,173,mask,-1,156,113,202,170,mask,-1,569,150,622,206,mask,-1,511,140,559,190,mask
162,4,-1,56,130,106,182,mask,-1,133,116,181,174,mask,-1,556,151,608,206,mask,-1,498,136,549,190,mask
163,4,-1,56,130,106,182,mask,-1,133,116,181,174,mask,-1,556,151,608,206,mask,-1,498,136,549,190,mask
164,4,-1,56,130,106,182,mask,-1,133,116,181,174,mask,-1,556,151,608,206,mask,-1,498,136,549,190,mask
165,4,-1,34,131,86,185,mask,-1,113,115,162,175,mask,-1,542,149,595,206,mask,-1,486,135,539,191,mask
166,4,-1,34,131,86,185,mask,-1,113,115,162,175,mask,-1,542,149,595,206,mask,-1,486,135,539,191,mask
167,5,-1,24,130,75,183,mask,-1,103,114,153,175,mask,-1,535,150,588,206,mask,-1,478,135,533,193,mask,-1,441,135,485,187,face
168,5,-1,24,130,75,183,mask,-1,103,114,153,175,mask,-1,535,150,588,206,mask,-1,478,135,533,193,mask,-1,441,135,485,187,face
169,5,-1,19,130,71,185,mask,-1,99,114,150,176,mask,-1,532,150,584,205,mask,-1,475,134,531,193,mask,-1,437,135,481,187,face
170,5,-1,19,130,71,185,mask,-1,99,114,150,176,mask,-1,532,150,584,205,mask,-1,475,134,531,193,mask,-1,437,135,481,187,face
171,5,-1,10,128,63,183,mask,-1,89,114,141,177,mask,-1,523,151,575,206,mask,-1,468,135,523,192,mask,-1,430,135,473,186,face
172,5,-1,10,128,63,183,mask,-1,89,114,141,177,mask,-1,523,151,575,206,mask,-1,468,135,523,192,mask,-1,430,135,473,186,face
173,5,-1,-3,129,51,185,mask,-1,75,116,127,179,mask,-1,512,154,562,207,mask,-1,457,135,512,192,mask,-1,417,133,461,185,face
174,5,-1,-6,131,46,185,mask,-1,70,116,122,179,mask,-1,507,155,558,209,mask,-1,454,134,509,191,mask,-1,414,133,458,185,face
175,5,-1,-6,131,46,185,mask,-1,70,116,122,179,mask,-1,507,155,558,209,mask,-1,454,134,509,191,mask,-1,414,133,458,185,face
176,5,-1,-16,133,37,188,mask,-1,60,119,112,183,mask,-1,497,156,548,210,mask,-1,447,133,505,193,mask,-1,407,131,451,183,face
177,5,-1,-16,133,37,188,mask,-1,60,119,112,183,mask,-1,497,156,548,210,mask,-1,447,133,505,193,mask,-1,407,132,451,184,face
178,5,-1,-22,134,33,191,mask,-1,55,120,107,183,mask,-1,493,155,544,209,mask,-1,444,133,503,195,mask,-1,404,131,448,182,face
179,5,-1,-26,137,28,194,mask,-1,50,121,102,184,mask,-1,489,155,538,207,mask,-1,441,132,501,195,mask,-1,400,132,443,182,face
180,5,-1,-29,137,24,192,mask,-1,44,121,97,186,mask,-1,484,154,534,207,mask,-1,438,131,499,194,mask,-1,397,132,440,183,face
181,5,-1,-29,137,24,192,mask,-1,33,122,85,186,mask,-1,474,154,523,206,mask,-1,431,133,493,197,mask,-1,389,133,433,185,face
182,5,-1,-29,137,24,192,mask,-1,28,122,80,186,mask,-1,470,154,518,205,mask,-1,428,131,491,197,mask,-1,386,134,429,185,face
183,4,-1,23,122,76,186,mask,-1,464,153,513,205,mask,-1,425,134,486,198,mask,-1,382,135,425,186,face
184,4,-1,23,122,76,186,mask,-1,470,153,519,205,mask,-1,434,138,481,192,mask,-1,382,135,425,186,face
185,4,-1,17,122,71,188,mask,-1,465,153,514,205,mask,-1,431,138,478,192,mask,-1,380,135,423,185,face
186,4,-1,14,123,66,187,mask,-1,460,153,510,206,mask,-1,428,138,476,193,mask,-1,378,136,420,186,face
187,4,-1,8,124,59,187,mask,-1,452,153,501,204,mask,-1,421,138,469,193,mask,-1,371,137,413,186,face
188,4,-1,8,124,59,187,mask,-1,452,153,500,204,mask,-1,421,138,469,193,mask,-1,371,137,413,186,face
189,4,-1,5,124,56,187,mask,-1,447,154,495,205,mask,-1,417,137,468,196,mask,-1,368,137,410,187,face
190,4,-1,3,125,54,187,mask,-1,444,154,491,203,mask,-1,414,136,465,195,mask,-1,365,137,407,187,face
191,4,-1,3,125,54,187,mask,-1,444,154,491,203,mask,-1,414,136,465,195,mask,-1,365,137,407,187,face
192,4,-1,-4,124,48,187,mask,-1,435,155,481,204,mask,-1,408,141,455,195,mask,-1,359,137,401,186,face
193,4,-1,-4,124,48,187,mask,-1,435,155,481,204,mask,-1,408,141,455,195,mask,-1,359,137,401,186,face
194,4,-1,-6,126,46,190,mask,-1,430,155,476,204,mask,-1,405,141,452,195,mask,-1,356,137,398,186,face
195,4,-1,-7,129,42,189,mask,-1,425,155,472,205,mask,-1,402,142,448,195,mask,-1,352,136,394,186,face
196,5,-1,-14,134,35,194,mask,-1,414,154,460,202,mask,-1,393,143,437,193,mask,-1,343,136,385,186,face,-1,632,124,669,173,face
197,5,-1,0,134,35,194,mask,-1,414,154,460,202,mask,-1,393,143,437,193,mask,-1,343,136,385,186,face,-1,632,124,669,173,face
198,5,-1,-3,135,32,196,mask,-1,410,154,455,201,mask,-1,390,144,432,192,mask,-1,341,136,382,184,face,-1,630,126,666,173,face
199,5,-1,-6,138,29,197,mask,-1,405,153,452,202,mask,-1,386,144,429,192,mask,-1,337,137,379,187,face,-1,626,125,663,174,face
200,5,-1,-8,139,27,198,mask,-1,402,153,447,200,mask,-1,382,143,424,191,mask,-1,333,137,375,187,face,-1,623,123,661,174,face
201,5,-1,-8,143,23,197,mask,-1,393,153,438,200,mask,-1,374,144,416,192,mask,-1,326,137,367,186,face,-1,615,121,654,172,face
202,5,-1,-8,143,23,197,mask,-1,393,153,438,200,mask,-1,374,144,416,192,mask,-1,326,137,367,186,face,-1,615,121,654,172,face
203,5,-1,-10,151,17,197,mask,-1,384,153,430,201,mask,-1,365,145,406,191,mask,-1,321,139,361,186,face,-1,609,121,647,172,face
204,5,-1,-10,151,17,197,mask,-1,384,154,429,201,mask,-1,365,145,406,191,mask,-1,319,138,361,188,face,-1,609,121,647,172,face
205,5,-1,-10,151,17,197,mask,-1,384,154,429,201,mask,-1,365,145,406,191,mask,-1,321,139,361,186,face,-1,609,121,647,172,face
206,5,-1,-10,151,17,197,mask,-1,384,154,429,201,mask,-1,365,145,406,191,mask,-1,321,139,361,186,face,-1,609,121,647,172,face
207,5,-1,-16,152,12,201,mask,-1,371,154,416,201,mask,-1,350,142,394,192,mask,-1,306,137,348,187,face,-1,601,122,638,170,face
208,5,-1,-16,152,12,201,mask,-1,371,154,416,201,mask,-1,350,142,394,192,mask,-1,306,137,348,187,face,-1,601,122,638,170,face
209,5,-1,-16,152,12,201,mask,-1,359,155,407,205,mask,-1,342,141,385,190,mask,-1,298,135,341,186,face,-1,595,121,634,172,face
210,5,-1,-16,152,12,201,mask,-1,359,155,407,205,mask,-1,342,141,385,190,mask,-1,298,135,341,186,face,-1,595,121,634,172,face
211,3,-1,351,155,396,202,mask,-1,292,134,334,185,face,-1,589,122,626,171,face
212,3,-1,351,155,396,202,mask,-1,292,134,334,185,face,-1,589,122,626,171,face
213,3,-1,346,155,391,202,mask,-1,288,135,331,187,face,-1,586,122,623,170,face
214,3,-1,336,154,381,201,mask,-1,281,134,325,187,face,-1,579,123,615,171,face
215,3,-1,336,154,381,201,mask,-1,281,134,325,187,face,-1,579,122,614,169,face
216,3,-1,326,155,372,203,mask,-1,275,135,318,188,face,-1,571,121,609,171,face
217,3,-1,322,155,365,200,mask,-1,272,135,315,188,face,-1,567,122,605,173,face
218,3,-1,322,155,365,200,mask,-1,272,135,315,188,face,-1,567,122,605,173,face
219,3,-1,322,155,365,200,mask,-1,272,135,315,188,face,-1,567,122,605,173,face
220,3,-1,302,155,346,201,mask,-1,260,138,304,191,face,-1,550,123,588,173,face
221,3,-1,302,155,346,201,mask,-1,260,138,304,191,face,-1,550,123,588,173,face
222,4,-1,296,154,340,200,mask,-1,257,138,301,192,face,-1,546,122,585,173,face,-1,629,119,676,178,mask
223,4,-1,292,155,335,200,mask,-1,255,138,299,191,face,-1,541,122,580,173,face,-1,624,118,673,179,mask
224,4,-1,282,155,325,200,mask,-1,249,138,293,191,face,-1,534,121,571,170,face,-1,616,117,665,179,mask
225,4,-1,282,155,325,200,mask,-1,249,138,293,191,face,-1,534,121,571,170,face,-1,616,117,665,179,mask
226,4,-1,274,153,319,200,mask,-1,242,138,286,192,face,-1,526,119,563,168,face,-1,608,118,657,179,mask
227,4,-1,274,153,319,200,mask,-1,242,138,286,192,face,-1,526,119,563,168,face,-1,608,118,657,179,mask
228,4,-1,269,153,313,199,mask,-1,239,137,283,191,face,-1,522,118,559,167,face,-1,604,118,652,179,mask
229,4,-1,265,154,308,199,mask,-1,236,137,280,191,face,-1,519,119,555,166,face,-1,600,116,649,177,mask
230,4,-1,265,154,308,199,mask,-1,236,137,280,191,face,-1,519,119,555,166,face,-1,600,116,649,177,mask
231,4,-1,252,153,294,197,mask,-1,226,137,268,188,face,-1,509,118,545,166,face,-1,589,114,638,175,mask
232,4,-1,252,153,294,197,mask,-1,226,137,268,188,face,-1,509,118,545,166,face,-1,589,114,638,175,mask
233,4,-1,248,152,291,197,mask,-1,222,137,266,190,face,-1,505,118,541,166,face,-1,584,113,634,175,mask
234,4,-1,244,152,287,197,mask,-1,220,137,262,188,face,-1,501,119,537,167,face,-1,581,113,630,175,mask
235,4,-1,236,153,279,197,mask,-1,213,138,255,189,face,-1,495,120,530,166,face,-1,574,112,623,174,mask
236,4,-1,236,153,279,197,mask,-1,213,138,255,189,face,-1,495,120,530,166,face,-1,574,112,623,174,mask
237,4,-1,232,153,274,197,mask,-1,212,140,250,186,face,-1,492,121,526,166,face,-1,570,111,619,173,mask
238,4,-1,232,153,274,197,mask,-1,212,140,250,186,face,-1,492,121,526,166,face,-1,570,111,619,173,mask
239,4,-1,221,152,267,200,mask,-1,208,142,239,180,face,-1,484,122,518,167,face,-1,562,110,613,174,mask
240,4,-1,218,152,264,200,mask,-1,205,144,235,180,face,-1,481,122,515,166,face,-1,558,111,609,174,mask
241,4,-1,218,152,264,200,mask,-1,205,144,235,180,face,-1,481,122,515,166,face,-1,558,111,609,174,mask
242,4,-1,211,152,257,200,mask,-1,197,144,227,181,face,-1,474,122,507,166,face,-1,550,111,600,174,mask
243,4,-1,204,151,250,199,mask,-1,186,143,218,182,face,-1,467,122,501,166,face,-1,544,113,593,175,mask
244,4,-1,204,151,250,199,mask,-1,186,143,218,182,face,-1,467,122,501,166,face,-1,544,113,593,175,mask
245,4,-1,199,151,245,199,mask,-1,180,144,209,179,face,-1,461,121,493,164,face,-1,535,113,585,176,mask
246,4,-1,198,151,244,199,mask,-1,180,144,209,179,face,-1,461,121,493,164,face,-1,535,113,585,176,mask
247,4,-1,193,151,240,200,mask,-1,170,141,201,178,face,-1,455,120,486,161,face,-1,528,113,578,176,mask
248,4,-1,190,150,238,200,mask,-1,166,141,195,177,face,-1,451,119,482,160,face,-1,525,112,574,174,mask
249,4,-1,186,148,236,200,mask,-1,163,141,193,178,face,-1,448,120,479,160,face,-1,521,111,571,174,mask
250,4,-1,184,148,234,200,mask,-1,160,141,189,176,face,-1,445,120,477,163,face,-1,517,110,568,174,mask
251,4,-1,184,148,234,200,mask,-1,160,141,189,176,face,-1,445,120,477,163,face,-1,517,110,568,174,mask
252,4,-1,180,148,230,200,mask,-1,156,142,184,176,face,-1,442,120,473,161,face,-1,514,110,565,174,mask
253,4,-1,180,148,230,200,mask,-1,156,142,184,176,face,-1,442,120,473,161,face,-1,514,110,565,174,mask
254,4,-1,177,149,226,201,mask,-1,153,143,176,171,face,-1,438,121,470,163,face,-1,510,109,561,174,mask
255,4,-1,171,148,222,201,mask,-1,146,144,169,172,face,-1,432,122,463,163,face,-1,502,108,554,173,mask
256,4,-1,171,148,222,201,mask,-1,146,144,169,172,face,-1,432,122,463,163,face,-1,502,108,554,173,mask
257,4,-1,171,148,222,201,mask,-1,146,144,169,172,face,-1,432,122,463,163,face,-1,502,108,554,173,mask
258,4,-1,162,149,212,201,mask,-1,134,146,159,176,face,-1,422,123,453,165,face,-1,491,108,542,173,mask
259,4,-1,159,149,210,202,mask,-1,132,147,168,196,face,-1,419,123,450,164,face,-1,486,109,538,174,mask
260,4,-1,156,149,206,201,mask,-1,128,147,164,196,face,-1,416,122,446,162,face,-1,482,109,534,174,mask
261,4,-1,153,149,203,201,mask,-1,124,148,160,197,face,-1,413,121,446,165,face,-1,478,109,530,174,mask
262,4,-1,151,150,200,202,mask,-1,120,147,156,196,face,-1,409,120,443,165,face,-1,474,111,525,175,mask
263,4,-1,149,150,199,202,mask,-1,116,148,152,196,face,-1,407,120,441,165,face,-1,471,111,522,175,mask
264,4,-1,148,149,197,200,mask,-1,111,147,148,197,face,-1,404,119,437,163,face,-1,467,112,517,175,mask
265,4,-1,145,149,192,198,mask,-1,108,147,144,196,face,-1,401,119,434,163,face,-1,462,112,513,175,mask
266,4,-1,145,149,192,198,mask,-1,108,147,144,196,face,-1,401,119,434,163,face,-1,462,112,513,175,mask
267,4,-1,145,150,190,197,mask,-1,100,146,136,196,face,-1,396,118,429,162,face,-1,454,112,505,175,mask
268,4,-1,145,150,190,197,mask,-1,100,146,136,195,face,-1,396,118,429,162,face,-1,454,112,505,175,mask
269,4,-1,140,150,183,195,mask,-1,92,146,131,200,face,-1,391,117,423,159,face,-1,447,111,497,174,mask
270,4,-1,137,150,180,195,mask,-1,89,146,129,201,face,-1,388,117,420,160,face,-1,443,111,493,173,mask
271,4,-1,135,150,178,195,mask,-1,85,147,125,201,face,-1,386,117,418,160,face,-1,439,111,489,174,mask
272,4,-1,132,150,175,195,mask,-1,82,147,122,201,face,-1,383,117,416,161,face,-1,435,111,485,173,mask
273,4,-1,126,151,170,197,mask,-1,75,148,115,202,face,-1,378,118,410,161,face,-1,428,111,477,172,mask
274,4,-1,126,151,170,197,mask,-1,75,148,115,202,face,-1,378,118,410,161,face,-1,428,111,477,172,mask
275,4,-1,122,151,166,197,mask,-1,71,149,110,202,face,-1,375,119,408,162,face,-1,425,111,474,173,mask
276,4,-1,122,151,166,197,mask,-1,71,149,110,202,face,-1,375,119,408,162,face,-1,425,111,474,173,mask
277,4,-1,116,151,162,199,mask,-1,62,150,102,205,face,-1,369,118,403,163,face,-1,418,110,466,171,mask
278,4,-1,116,151,162,199,mask,-1,62,150,102,205,face,-1,369,118,403,163,face,-1,418,110,466,171,mask
279,4,-1,109,152,155,200,mask,-1,53,151,94,207,face,-1,363,118,395,161,face,-1,410,111,458,171,mask
280,4,-1,107,152,153,200,mask,-1,49,151,90,206,face,-1,360,118,392,160,face,-1,407,112,455,172,mask
281,4,-1,104,152,150,200,mask,-1,45,151,85,206,face,-1,358,118,389,159,face,-1,403,113,450,172,mask
282,4,-1,101,152,147,200,mask,-1,40,151,80,206,face,-1,355,118,385,158,face,-1,399,113,446,172,mask
283,4,-1,97,153,143,201,mask,-1,36,151,76,206,face,-1,352,118,383,159,face,-1,396,114,443,173,mask
284,4,-1,91,153,138,202,mask,-1,28,150,69,206,face,-1,346,118,377,159,face,-1,389,114,436,173,mask
285,4,-1,91,153,138,202,mask,-1,28,150,69,206,face,-1,346,118,377,159,face,-1,389,114,436,173,mask
286,4,-1,89,154,136,203,mask,-1,24,150,65,205,face,-1,344,118,374,158,face,-1,385,114,432,173,mask
287,4,-1,89,154,136,203,mask,-1,24,150,65,205,face,-1,344,118,374,158,face,-1,385,114,432,173,mask
288,4,-1,80,155,127,205,mask,-1,13,152,54,208,face,-1,334,118,365,159,face,-1,375,112,422,171,mask
289,4,-1,80,155,127,205,mask,-1,13,152,54,208,face,-1,334,118,365,159,face,-1,375,112,422,171,mask
290,4,-1,78,156,125,205,mask,-1,10,153,51,209,face,-1,332,118,362,158,face,-1,372,112,419,171,mask
291,4,-1,74,155,123,206,mask,-1,7,154,48,210,face,-1,329,118,360,159,face,-1,369,112,416,171,mask
292,4,-1,71,156,120,207,mask,-1,4,156,45,211,face,-1,326,118,357,159,face,-1,366,112,413,171,mask
293,4,-1,71,156,120,207,mask,-1,4,156,45,211,face,-1,326,118,357,159,face,-1,366,112,413,171,mask
294,4,-1,68,156,116,207,mask,-1,0,157,41,213,face,-1,323,119,353,159,face,-1,362,112,410,172,mask
295,4,-1,62,157,110,208,mask,-1,-6,157,37,215,face,-1,317,119,347,159,face,-1,357,111,404,170,mask
296,4,-1,59,156,108,208,mask,-1,-9,157,34,216,face,-1,314,119,344,159,face,-1,353,111,401,171,mask
297,4,-1,53,156,103,208,mask,-1,-12,164,26,215,face,-1,307,120,336,158,face,-1,347,111,395,171,mask
298,4,-1,53,156,103,208,mask,-1,-12,164,26,215,face,-1,307,120,336,158,face,-1,347,111,395,171,mask
299,3,-1,50,156,101,209,mask,-1,304,120,334,160,face,-1,344,111,392,171,mask
300,3,-1,50,156,101,209,mask,-1,304,120,334,160,face,-1,344,111,392,171,mask
301,3,-1,45,156,97,210,mask,-1,298,119,327,157,face,-1,338,111,386,171,mask
302,3,-1,45,156,97,210,mask,-1,298,119,327,157,face,-1,338,111,386,171,mask
303,3,-1,39,156,93,212,mask,-1,292,119,319,155,face,-1,331,112,378,171,mask
304,3,-1,37,156,91,213,mask,-1,289,118,317,155,face,-1,329,112,376,171,mask
305,3,-1,35,156,90,214,mask,-1,286,118,313,154,face,-1,326,113,372,171,mask
306,3,-1,32,157,88,215,mask,-1,283,118,310,154,face,-1,323,113,370,172,mask
307,3,-1,32,157,88,215,mask,-1,283,118,310,154,face,-1,323,113,370,172,mask
308,3,-1,26,158,84,218,mask,-1,274,117,301,153,face,-1,316,111,358,163,mask
309,3,-1,26,158,84,218,mask,-1,274,117,301,153,face,-1,316,111,358,163,mask
310,3,-1,22,159,80,220,mask,-1,267,117,296,155,face,-1,309,111,351,164,mask
311,3,-1,20,159,78,220,mask,-1,265,117,295,156,face,-1,309,111,351,164,mask
312,3,-1,18,160,76,221,mask,-1,261,118,291,158,face,-1,302,110,346,165,mask
313,3,-1,18,160,76,221,mask,-1,261,118,291,158,face,-1,302,110,346,165,mask
314,3,-1,18,160,76,221,mask,-1,261,118,291,158,face,-1,302,110,346,165,mask
315,3,-1,14,160,73,222,mask,-1,254,118,285,159,face,-1,295,110,341,168,mask
316,3,-1,12,161,72,223,mask,-1,250,119,281,160,face,-1,290,110,337,169,mask
317,3,-1,10,162,70,224,mask,-1,247,119,278,159,face,-1,285,110,335,173,mask
318,3,-1,8,162,68,225,mask,-1,244,119,275,160,face,-1,283,110,332,171,mask
319,3,-1,8,162,68,225,mask,-1,244,119,275,160,face,-1,283,110,332,171,mask
320,3,-1,7,163,67,225,mask,-1,240,120,270,159,face,-1,283,110,327,165,mask
321,3,-1,6,163,67,226,mask,-1,236,119,266,159,face,-1,279,110,324,166,mask
322,3,-1,3,164,64,228,mask,-1,229,120,259,160,face,-1,276,111,313,157,mask
323,3,-1,3,164,64,228,mask,-1,229,120,259,160,face,-1,276,111,313,157,mask
324,3,-1,2,164,63,228,mask,-1,226,120,255,158,face,-1,273,112,311,159,mask
325,3,-1,-2,165,60,230,mask,-1,216,119,246,159,face,-1,265,113,299,156,mask
326,3,-1,-2,165,60,230,mask,-1,216,119,246,159,face,-1,265,113,299,156,mask
327,3,-1,-4,164,60,231,mask,-1,212,119,242,159,face,-1,262,112,294,152,mask
328,3,-1,-4,164,60,231,mask,-1,212,119,242,159,face,-1,262,112,294,152,mask
329,3,-1,-6,166,57,232,mask,-1,207,119,236,158,face,-1,256,111,291,155,mask
330,3,-1,-6,166,57,232,mask,-1,207,119,236,158,face,-1,256,111,291,155,mask
331,3,-1,-11,166,53,233,mask,-1,197,120,227,159,face,-1,246,110,278,151,mask
332,3,-1,-11,166,53,233,mask,-1,197,120,227,159,face,-1,246,110,278,151,mask
333,3,-1,-11,166,53,233,mask,-1,197,120,227,159,face,-1,246,110,278,151,mask
334,2,-1,197,120,227,159,face,-1,246,110,278,151,mask
335,2,-1,187,122,217,161,face,-1,240,111,268,146,mask
336,2,-1,187,122,217,161,face,-1,240,111,268,146,mask
337,2,-1,179,122,208,160,face,-1,236,110,259,139,mask
338,2,-1,175,122,202,158,face,-1,236,110,259,139,mask
339,2,-1,175,122,202,158,face,-1,236,110,259,139,mask
340,3,-1,165,121,204,170,face,-1,214,110,259,166,mask,-1,0,170,45,219,mask
341,3,-1,165,121,204,170,face,-1,214,110,259,166,mask,-1,0,170,45,219,mask
342,3,-1,161,120,201,170,face,-1,211,110,256,166,mask,-1,-1,171,44,220,mask
343,3,-1,161,120,201,170,face,-1,211,110,256,166,mask,-1,-1,171,44,220,mask
344,3,-1,154,119,192,167,face,-1,204,111,249,167,mask,-1,-4,173,41,221,mask
345,3,-1,150,119,189,168,face,-1,201,111,246,167,mask,-1,-7,172,39,222,mask
346,3,-1,144,120,183,169,face,-1,195,110,240,167,mask,-1,-9,175,37,225,mask
347,3,-1,144,120,183,169,face,-1,195,110,240,167,mask,-1,-9,175,37,225,mask
348,2,-1,140,121,179,170,face,-1,192,109,238,166,mask
349,2,-1,133,122,173,173,face,-1,186,108,233,166,mask
350,2,-1,133,122,174,174,face,-1,186,108,233,166,mask
351,2,-1,125,124,165,174,face,-1,181,108,227,165,mask
352,2,-1,121,125,161,176,face,-1,178,108,223,165,mask
353,2,-1,121,125,161,176,face,-1,178,108,223,165,mask
354,2,-1,116,126,157,177,face,-1,175,108,220,164,mask
355,2,-1,107,126,148,178,face,-1,169,108,214,164,mask
356,2,-1,107,126,148,178,face,-1,169,108,214,164,mask
357,2,-1,103,126,144,178,face,-1,167,109,212,165,mask
358,2,-1,96,126,136,176,face,-1,162,109,207,165,mask
359,2,-1,93,126,133,176,face,-1,159,110,204,166,mask
360,2,-1,89,126,129,177,face,-1,157,110,202,166,mask
361,2,-1,89,126,129,177,face,-1,157,110,202,166,mask
362,2,-1,85,126,125,176,face,-1,153,110,198,166,mask
363,2,-1,77,126,117,177,face,-1,148,111,194,168,mask
364,2,-1,77,126,117,177,face,-1,148,111,194,168,mask
365,2,-1,69,126,111,179,face,-1,142,111,188,168,mask
366,2,-1,65,127,108,181,face,-1,140,111,186,168,mask
367,2,-1,61,128,103,181,face,-1,137,111,183,168,mask
368,2,-1,57,129,99,182,face,-1,134,111,180,168,mask
369,2,-1,54,130,95,181,face,-1,131,110,177,167,mask
370,2,-1,50,132,91,183,face,-1,128,110,174,168,mask
371,2,-1,50,132,91,183,face,-1,128,110,174,168,mask
372,2,-1,46,132,86,183,face,-1,126,110,172,167,mask
373,2,-1,36,133,77,184,face,-1,119,110,166,168,mask
374,2,-1,36,133,77,184,face,-1,119,110,166,168,mask
375,2,-1,32,133,72,183,face,-1,116,110,163,169,mask
376,2,-1,32,133,72,183,face,-1,116,110,163,169,mask
377,2,-1,23,132,63,182,face,-1,111,110,158,169,mask
378,2,-1,23,132,63,182,face,-1,111,110,158,169,mask
379,2,-1,16,134,54,181,face,-1,104,110,152,169,mask
380,2,-1,16,134,54,181,face,-1,104,110,152,169,mask
381,2,-1,8,134,46,182,face,-1,98,110,146,169,mask
382,2,-1,6,135,43,182,face,-1,95,111,143,171,mask
383,2,-1,2,135,39,181,face,-1,91,111,140,171,mask
384,2,-1,0,138,36,183,face,-1,89,112,137,172,mask
385,2,-1,-4,138,33,184,face,-1,86,113,134,173,mask
386,2,-1,-7,139,28,184,face,-1,82,112,130,171,mask
387,1,-1,79,112,127,172,mask
388,1,-1,75,111,124,172,mask
389,1,-1,75,111,124,172,mask
390,1,-1,72,111,121,172,mask
391,1,-1,70,112,118,172,mask
392,1,-1,63,111,112,172,mask
393,1,-1,61,112,109,172,mask
394,1,-1,58,112,106,172,mask
395,1,-1,55,112,104,173,mask
396,1,-1,53,112,101,172,mask
397,1,-1,50,113,98,173,mask
398,1,-1,48,113,96,173,mask
399,1,-1,45,113,93,173,mask
400,1,-1,45,113,93,173,mask
401,1,-1,37,116,85,176,mask
402,1,-1,37,116,85,176,mask
403,1,-1,35,117,83,177,mask
404,1,-1,33,117,81,177,mask
405,1,-1,30,117,78,177,mask
406,1,-1,29,118,77,178,mask
407,1,-1,26,118,73,177,mask
408,1,-1,24,119,71,178,mask
409,1,-1,21,119,68,177,mask
410,1,-1,20,120,66,178,mask
411,1,-1,20,120,66,178,mask
412,1,-1,12,120,60,180,mask
413,1,-1,12,120,60,180,mask
414,1,-1,7,123,52,180,mask
415,1,-1,7,123,52,180,mask
416,1,-1,2,120,52,182,mask
417,1,-1,0,122,49,183,mask
418,1,-1,-3,122,45,182,mask
419,1,-1,-6,124,42,184,mask
420,1,-1,-8,125,40,185,mask
421,1,-1,-10,128,35,184,mask
422,1,-1,-12,129,32,184,mask
423,1,-1,-17,129,30,187,mask
424,1,-1,-20,132,24,187,mask
425,1,-1,-20,132,24,187,mask
426,1,-1,-19,136,20,185,mask
427,1,-1,-20,139,18,186,mask
729,2,-1,144,186,257,308,unknown,-1,281,191,404,336,unknown
730,2,-1,159,183,268,301,unknown,-1,290,187,412,331,unknown
731,2,-1,159,183,268,301,unknown,-1,290,187,412,331,unknown
732,2,-1,173,180,279,294,unknown,-1,303,183,421,322,unknown
733,2,-1,180,180,284,293,unknown,-1,310,182,426,319,unknown
734,2,-1,186,180,289,291,unknown,-1,318,181,432,315,unknown
735,2,-1,193,180,294,289,unknown,-1,325,181,437,313,unknown
736,2,-1,199,180,299,288,unknown,-1,333,180,443,310,unknown
737,2,-1,206,181,304,287,unknown,-1,342,180,450,307,unknown
738,2,-1,212,181,310,287,unknown,-1,349,181,455,306,unknown
739,2,-1,212,181,310,287,unknown,-1,349,181,455,306,unknown
740,2,-1,219,181,316,286,unknown,-1,357,181,461,303,unknown
741,2,-1,224,180,321,285,unknown,-1,365,181,467,301,unknown
742,2,-1,230,179,327,284,unknown,-1,373,181,473,299,unknown
743,2,-1,237,177,334,281,unknown,-1,380,179,479,296,unknown
744,2,-1,237,177,334,281,unknown,-1,380,179,479,296,unknown
745,2,-1,256,171,349,271,unknown,-1,401,170,497,283,unknown
746,2,-1,256,171,349,271,unknown,-1,401,170,497,283,unknown
747,2,-1,267,169,358,267,unknown,-1,412,165,505,275,unknown
748,2,-1,267,169,358,267,unknown,-1,412,165,505,275,unknown
749,2,-1,271,168,361,265,unknown,-1,417,163,509,271,unknown
750,2,-1,271,168,361,265,unknown,-1,417,163,509,271,unknown
751,2,-1,275,166,365,264,unknown,-1,422,160,513,267,unknown
752,2,-1,275,166,365,264,unknown,-1,422,160,513,267,unknown
753,2,-1,287,162,374,256,unknown,-1,431,156,519,260,unknown
754,2,-1,287,162,374,256,unknown,-1,431,156,519,260,unknown
755,2,-1,295,161,380,252,unknown,-1,435,155,521,256,unknown
756,2,-1,295,161,380,252,unknown,-1,435,155,521,256,unknown
757,2,-1,302,161,385,250,unknown,-1,438,154,522,253,unknown
758,2,-1,305,162,386,249,unknown,-1,439,153,522,251,unknown
759,2,-1,307,162,387,249,unknown,-1,440,153,522,250,unknown
760,2,-1,310,162,389,247,unknown,-1,440,154,521,249,unknown
761,2,-1,312,162,389,246,unknown,-1,440,153,520,247,unknown
762,2,-1,314,162,390,244,unknown,-1,439,153,518,246,unknown
763,2,-1,316,161,391,242,unknown,-1,438,152,516,244,unknown
764,2,-1,316,161,391,242,unknown,-1,438,152,516,244,unknown
765,2,-1,318,159,393,239,unknown,-1,439,150,515,240,unknown
766,2,-1,321,156,394,235,unknown,-1,437,146,511,234,unknown
767,2,-1,322,154,394,231,unknown,-1,437,144,510,230,unknown
768,2,-1,324,152,395,229,unknown,-1,436,143,508,228,unknown
769,2,-1,324,152,395,229,unknown,-1,436,143,508,228,unknown
770,2,-1,328,150,398,225,unknown,-1,436,141,506,224,unknown
771,2,-1,330,149,399,223,unknown,-1,437,141,506,222,unknown
772,2,-1,333,148,400,221,unknown,-1,437,140,505,220,unknown
773,2,-1,336,145,404,218,unknown,-1,438,138,505,217,unknown
774,2,-1,336,145,404,218,unknown,-1,438,138,505,217,unknown
775,2,-1,338,144,406,217,unknown,-1,439,137,505,215,unknown
776,2,-1,338,144,406,217,unknown,-1,439,137,505,215,unknown
777,2,-1,342,144,408,216,unknown,-1,442,135,507,212,unknown
778,2,-1,342,144,408,216,unknown,-1,442,135,507,212,unknown
779,2,-1,347,145,411,215,unknown,-1,444,136,508,211,unknown
780,2,-1,350,145,414,214,unknown,-1,446,136,509,211,unknown
781,2,-1,352,146,415,214,unknown,-1,447,136,510,210,unknown
782,2,-1,355,146,417,213,unknown,-1,449,137,511,210,unknown
783,2,-1,358,147,419,213,unknown,-1,451,137,513,210,unknown
784,2,-1,361,146,422,212,unknown,-1,453,138,515,211,unknown
785,2,-1,364,146,424,211,unknown,-1,455,141,513,209,unknown
786,2,-1,366,144,427,209,unknown,-1,458,140,516,208,unknown
787,2,-1,368,144,428,209,unknown,-1,461,140,518,207,unknown
788,2,-1,370,141,431,206,unknown,-1,463,138,521,206,unknown
789,2,-1,374,140,433,204,unknown,-1,467,135,525,204,unknown
790,2,-1,377,140,435,202,unknown,-1,468,133,527,202,unknown
791,2,-1,377,140,435,202,unknown,-1,468,133,527,202,unknown
792,2,-1,379,139,436,201,unknown,-1,468,132,527,202,unknown
793,2,-1,381,139,437,199,unknown,-1,468,130,528,200,unknown
794,2,-1,383,138,438,198,unknown,-1,467,129,528,201,unknown
795,2,-1,384,137,440,197,unknown,-1,466,125,529,199,unknown
796,2,-1,385,136,442,197,unknown,-1,468,125,530,198,unknown
797,2,-1,387,136,443,197,unknown,-1,471,125,531,196,unknown
798,2,-1,388,136,444,196,unknown,-1,469,122,532,196,unknown
799,2,-1,391,133,448,195,unknown,-1,470,120,533,194,unknown
800,2,-1,394,135,449,194,unknown,-1,472,121,533,193,unknown
801,2,-1,396,135,450,194,unknown,-1,470,119,533,194,unknown
802,2,-1,396,135,450,194,unknown,-1,470,119,534,194,unknown
803,2,-1,398,134,453,194,unknown,-1,468,117,533,194,unknown
804,2,-1,400,134,454,192,unknown,-1,469,120,531,193,unknown
805,2,-1,401,133,455,191,unknown,-1,468,117,533,193,unknown
806,2,-1,401,133,455,191,unknown,-1,468,117,533,193,unknown
807,2,-1,402,134,455,192,unknown,-1,468,117,532,192,unknown
808,2,-1,402,134,455,192,unknown,-1,468,115,532,190,unknown
809,2,-1,404,135,456,191,unknown,-1,468,115,531,189,unknown
810,2,-1,405,134,456,189,unknown,-1,466,112,529,187,unknown
811,2,-1,405,134,456,189,unknown,-1,466,112,529,187,unknown
812,2,-1,404,133,456,189,unknown,-1,468,114,529,186,unknown
813,2,-1,404,133,456,189,unknown,-1,468,114,529,186,unknown
814,2,-1,406,131,457,186,unknown,-1,470,114,529,184,unknown
815,2,-1,406,131,456,185,unknown,-1,472,115,530,184,unknown
816,2,-1,407,130,458,185,unknown,-1,475,114,532,181,unknown
817,2,-1,407,130,458,185,unknown,-1,475,114,532,181,unknown
818,2,-1,407,129,458,184,unknown,-1,477,113,534,181,unknown
819,2,-1,409,126,462,183,unknown,-1,485,114,539,178,unknown
820,2,-1,410,126,462,182,unknown,-1,489,114,542,176,unknown
821,2,-1,410,126,462,182,unknown,-1,489,114,542,176,unknown
822,2,-1,416,127,465,180,unknown,-1,498,120,545,175,unknown
823,2,-1,419,129,467,180,unknown,-1,502,123,547,176,unknown
824,2,-1,421,130,468,181,unknown,-1,501,120,549,177,unknown
825,2,-1,423,130,471,182,unknown,-1,507,123,552,176,unknown
826,2,-1,426,131,473,181,unknown,-1,510,122,556,176,unknown
827,2,-1,428,130,475,181,unknown,-1,517,124,562,177,unknown
828,2,-1,429,129,478,182,unknown,-1,518,121,566,177,unknown
829,2,-1,429,129,478,182,unknown,-1,518,121,566,177,unknown
830,2,-1,435,130,483,182,unknown,-1,521,120,572,180,unknown
831,2,-1,435,130,483,182,unknown,-1,521,120,572,180,unknown
832,2,-1,440,129,490,183,unknown,-1,526,110,584,178,unknown
833,2,-1,442,128,493,183,unknown,-1,527,107,588,179,unknown
834,2,-1,446,127,497,182,unknown,-1,528,105,591,179,unknown
835,2,-1,450,127,500,181,unknown,-1,531,105,594,179,unknown
836,2,-1,454,126,504,180,unknown,-1,532,104,596,180,unknown
837,2,-1,457,126,506,179,unknown,-1,533,104,598,180,unknown
838,2,-1,461,127,509,179,unknown,-1,536,105,599,179,unknown
839,2,-1,464,126,513,178,unknown,-1,535,106,599,181,unknown
840,2,-1,466,125,515,178,unknown,-1,533,105,599,183,unknown
841,2,-1,469,125,518,177,unknown,-1,550,127,607,187,mask
842,2,-1,469,125,518,177,unknown,-1,550,127,607,187,mask
843,2,-1,477,123,526,176,unknown,-1,554,126,611,186,mask
844,2,-1,477,123,526,176,unknown,-1,554,126,611,186,mask
845,2,-1,478,121,529,176,unknown,-1,556,126,613,186,mask
846,2,-1,481,121,532,176,unknown,-1,558,126,614,185,mask
847,2,-1,483,121,534,176,unknown,-1,559,126,616,185,mask
848,2,-1,486,121,536,175,unknown,-1,561,126,616,184,mask
849,2,-1,487,120,539,176,unknown,-1,563,125,618,183,mask
850,2,-1,489,120,541,176,unknown,-1,565,126,620,184,mask
851,2,-1,491,120,543,176,unknown,-1,567,125,621,182,mask
852,2,-1,493,120,544,176,unknown,-1,569,125,622,181,mask
853,2,-1,496,121,546,175,unknown,-1,570,124,624,180,mask
854,2,-1,499,122,547,174,unknown,-1,573,123,626,179,mask
855,2,-1,502,122,548,171,unknown,-1,574,122,627,177,mask
856,2,-1,506,123,551,172,unknown,-1,576,122,629,178,mask
857,2,-1,508,123,553,172,mask,-1,577,121,630,177,mask
858,2,-1,510,122,555,171,mask,-1,579,121,631,176,mask
859,2,-1,510,122,555,171,mask,-1,579,121,631,176,mask
860,2,-1,514,121,559,169,mask,-1,581,121,632,174,mask
861,2,-1,516,120,561,169,mask,-1,583,121,634,174,mask
862,2,-1,518,119,563,169,mask,-1,585,121,634,173,mask
863,2,-1,521,119,566,168,mask,-1,585,121,634,173,mask
864,2,-1,523,119,568,168,mask,-1,587,121,636,173,mask
865,2,-1,526,120,569,167,mask,-1,587,121,637,173,mask
866,2,-1,527,119,571,167,mask,-1,589,121,638,173,mask
867,2,-1,529,119,573,167,mask,-1,589,121,638,172,mask
868,2,-1,532,119,575,166,mask,-1,590,122,639,173,mask
869,2,-1,532,119,575,166,mask,-1,590,122,639,173,mask
870,2,-1,533,120,575,166,mask,-1,592,122,641,173,mask
871,2,-1,535,119,578,166,mask,-1,592,122,641,174,mask
872,2,-1,536,119,579,166,mask,-1,593,122,642,174,mask
873,2,-1,536,119,579,166,mask,-1,593,122,642,174,mask
874,2,-1,537,119,579,165,mask,-1,594,122,642,173,mask
875,2,-1,537,119,579,165,mask,-1,594,122,642,173,mask
876,2,-1,536,120,579,166,mask,-1,595,122,644,173,mask
877,2,-1,537,120,580,166,mask,-1,597,122,645,173,mask
878,2,-1,537,120,580,166,mask,-1,597,122,645,173,mask
879,2,-1,537,120,579,166,mask,-1,599,122,647,172,mask
880,2,-1,537,120,578,165,mask,-1,600,122,648,172,mask
881,2,-1,537,119,578,164,mask,-1,601,121,649,172,mask
882,2,-1,537,119,578,163,mask,-1,602,121,650,172,mask
883,2,-1,537,118,577,162,mask,-1,603,121,651,172,mask
884,2,-1,537,120,577,164,mask,-1,605,121,653,171,mask
885,2,-1,538,121,576,162,mask,-1,607,121,655,171,mask
886,2,-1,538,120,577,162,mask,-1,609,121,657,172,mask
887,2,-1,540,122,576,162,mask,-1,611,121,658,171,mask
888,2,-1,540,121,577,161,mask,-1,614,121,662,171,mask
889,2,-1,541,121,577,160,mask,-1,616,121,664,171,mask
890,2,-1,541,120,578,160,mask,-1,618,121,666,171,mask
891,2,-1,541,120,578,160,mask,-1,618,121,666,171,mask
892,2,-1,544,120,579,158,mask,-1,624,121,673,173,mask
893,2,-1,545,120,580,159,mask,-1,627,122,675,172,mask
894,2,-1,546,119,582,158,mask,-1,629,121,676,171,mask
895,2,-1,547,119,583,158,mask,-1,631,121,678,170,mask
896,2,-1,549,119,584,157,mask,-1,633,122,680,171,mask
897,2,-1,551,120,586,158,mask,-1,635,122,682,171,mask
898,2,-1,553,120,588,158,mask,-1,636,122,683,171,mask
899,3,-1,552,113,596,160,mask,-1,636,122,683,171,mask,-1,183,193,303,318,unknown
900,3,-1,554,112,599,160,mask,-1,637,122,685,173,mask,-1,192,191,308,312,unknown
901,3,-1,557,113,602,161,mask,-1,640,122,686,170,mask,-1,209,182,319,296,unknown
902,3,-1,560,114,603,160,mask,-1,641,123,686,170,mask,-1,217,179,323,290,unknown
903,3,-1,563,115,606,161,mask,-1,641,123,686,170,mask,-1,223,175,328,284,unknown
904,3,-1,566,116,608,161,mask,-1,641,123,685,169,mask,-1,230,171,333,278,unknown
905,3,-1,568,115,611,161,mask,-1,642,123,686,170,mask,-1,236,168,337,273,unknown
906,3,-1,570,115,612,160,mask,-1,643,123,687,169,mask,-1,243,165,340,266,unknown
907,3,-1,572,114,616,161,mask,-1,643,124,687,171,mask,-1,249,163,344,262,unknown
908,3,-1,572,114,616,161,mask,-1,643,124,687,171,mask,-1,249,163,344,262,unknown
909,3,-1,578,116,620,161,mask,-1,642,123,686,169,mask,-1,266,157,357,252,unknown
910,3,-1,578,116,620,161,mask,-1,642,123,686,169,mask,-1,266,157,357,252,unknown
911,3,-1,580,116,620,159,mask,-1,641,123,685,170,mask,-1,271,156,360,249,unknown
912,3,-1,582,116,622,159,mask,-1,641,123,686,170,mask,-1,276,154,364,246,unknown
913,3,-1,583,117,622,159,mask,-1,640,123,684,170,mask,-1,282,154,368,244,unknown
914,3,-1,583,117,622,158,mask,-1,640,123,684,169,mask,-1,287,154,371,242,unknown
915,3,-1,582,116,622,159,mask,-1,640,124,685,171,mask,-1,293,154,375,240,unknown
916,3,-1,581,115,622,158,mask,-1,641,124,685,170,mask,-1,299,154,380,238,unknown
917,3,-1,582,117,621,158,mask,-1,640,124,684,170,mask,-1,310,150,387,230,unknown
918,3,-1,581,117,620,158,mask,-1,641,124,685,170,mask,-1,315,149,391,228,unknown
919,3,-1,581,117,620,158,mask,-1,641,124,685,170,mask,-1,315,149,391,228,unknown
920,3,-1,579,117,619,159,mask,-1,643,124,687,171,mask,-1,318,148,393,226,unknown
921,3,-1,578,116,617,158,mask,-1,641,124,688,173,mask,-1,324,145,397,221,unknown
922,3,-1,577,117,616,158,mask,-1,642,124,689,174,mask,-1,327,144,399,219,unknown
923,3,-1,576,115,616,158,mask,-1,643,124,690,173,mask,-1,328,142,400,217,unknown
924,3,-1,574,116,614,159,mask,-1,644,124,690,172,mask,-1,330,142,400,215,unknown
925,3,-1,574,116,613,158,mask,-1,647,125,691,171,mask,-1,331,141,401,214,unknown
926,3,-1,573,116,613,159,mask,-1,647,125,691,171,mask,-1,331,141,401,214,unknown
927,3,-1,572,114,613,158,mask,-1,648,126,690,170,mask,-1,332,140,401,212,unknown
928,3,-1,571,115,611,158,mask,-1,650,126,691,169,mask,-1,334,139,402,210,unknown
929,3,-1,569,115,609,158,mask,-1,653,128,695,172,mask,-1,336,138,402,207,unknown
930,3,-1,568,115,609,159,mask,-1,656,129,693,168,mask,-1,337,139,402,207,unknown
931,3,-1,569,116,609,159,mask,-1,659,131,694,168,mask,-1,337,138,402,206,unknown
932,2,-1,569,116,609,159,mask,-1,337,138,402,206,unknown
933,2,-1,570,116,608,156,mask,-1,338,139,401,205,unknown
934,2,-1,570,116,608,156,mask,-1,338,139,401,205,unknown
935,2,-1,570,116,608,156,mask,-1,338,139,401,205,unknown
936,2,-1,569,115,609,158,mask,-1,340,139,402,203,unknown
937,2,-1,570,116,609,158,mask,-1,340,138,401,202,unknown
938,3,-1,571,115,610,157,mask,-1,341,136,402,199,unknown,-1,158,240,310,383,unknown
939,3,-1,571,116,611,159,mask,-1,341,134,401,197,unknown,-1,168,239,316,378,unknown
940,3,-1,572,115,612,158,mask,-1,342,134,401,195,unknown,-1,178,238,322,374,unknown
941,3,-1,575,117,613,157,mask,-1,343,133,401,193,unknown,-1,188,238,329,370,unknown
942,3,-1,575,117,613,158,mask,-1,343,133,401,193,unknown,-1,188,238,329,370,unknown
943,3,-1,578,118,617,160,mask,-1,344,131,401,191,unknown,-1,210,239,343,364,unknown
944,3,-1,578,117,617,159,mask,-1,344,131,401,191,unknown,-1,210,239,343,364,unknown
945,3,-1,584,118,622,159,mask,-1,348,129,404,187,unknown,-1,234,236,359,354,unknown
946,3,-1,586,120,624,161,mask,-1,348,127,405,186,unknown,-1,246,232,368,347,unknown
947,3,-1,591,120,628,159,mask,-1,350,126,407,185,unknown,-1,258,229,376,340,unknown
948,3,-1,594,121,631,160,mask,-1,353,125,409,184,unknown,-1,268,226,384,335,unknown
949,3,-1,598,122,634,160,mask,-1,354,124,411,183,unknown,-1,279,223,392,329,unknown
950,3,-1,602,123,637,161,mask,-1,357,124,413,182,unknown,-1,289,220,399,324,unknown
951,3,-1,604,123,640,161,mask,-1,359,124,415,182,unknown,-1,298,217,405,318,unknown
952,3,-1,607,123,644,162,mask,-1,361,124,416,182,unknown,-1,307,214,410,311,unknown
953,3,-1,611,123,648,162,mask,-1,365,124,420,181,unknown,-1,315,212,415,306,unknown
954,3,-1,618,122,654,161,mask,-1,371,125,425,181,unknown,-1,328,209,422,298,unknown
955,3,-1,621,124,655,161,mask,-1,376,126,428,180,unknown,-1,335,209,425,294,unknown
956,3,-1,621,124,655,161,mask,-1,376,126,428,180,unknown,-1,335,209,425,294,unknown
957,3,-1,624,124,657,159,mask,-1,378,124,431,179,unknown,-1,340,209,428,292,unknown
958,3,-1,627,126,659,160,mask,-1,382,123,435,178,unknown,-1,346,208,431,288,unknown
959,3,-1,628,128,660,162,mask,-1,385,122,437,176,unknown,-1,351,207,433,284,unknown
960,3,-1,629,129,660,163,mask,-1,391,121,443,175,unknown,-1,359,204,436,277,unknown
961,3,-1,629,129,660,163,mask,-1,391,121,443,175,unknown,-1,359,204,436,277,unknown
962,3,-1,630,129,661,162,mask,-1,393,120,446,175,unknown,-1,361,202,436,273,unknown
963,3,-1,632,130,662,162,mask,-1,396,119,448,173,unknown,-1,364,201,436,269,unknown
964,3,-1,634,131,661,160,mask,-1,398,119,450,173,unknown,-1,366,199,435,264,unknown
965,3,-1,636,132,661,159,mask,-1,401,119,451,171,unknown,-1,368,195,437,260,unknown
966,3,-1,635,130,661,158,mask,-1,404,118,454,170,unknown,-1,371,192,439,256,unknown
967,3,-1,625,123,667,168,mask,-1,406,117,456,169,unknown,-1,374,190,440,252,unknown
968,3,-1,625,123,667,168,mask,-1,406,117,456,169,unknown,-1,374,190,440,252,unknown
969,3,-1,627,122,671,169,mask,-1,414,117,463,168,unknown,-1,385,182,455,248,unknown
970,3,-1,627,122,671,169,mask,-1,414,117,463,168,unknown,-1,385,182,455,248,unknown
971,3,-1,631,126,669,167,mask,-1,417,118,465,167,unknown,-1,390,178,458,242,unknown
972,3,-1,631,124,671,166,mask,-1,423,119,469,167,unknown,-1,390,178,458,242,unknown
973,3,-1,631,124,670,166,mask,-1,423,119,469,167,unknown,-1,390,178,458,242,unknown
974,3,-1,633,124,671,165,mask,-1,425,119,471,167,unknown,-1,404,177,469,238,unknown
975,3,-1,636,124,673,164,mask,-1,430,120,475,167,unknown,-1,414,179,475,237,unknown
976,3,-1,638,124,676,165,mask,-1,432,119,477,166,unknown,-1,414,179,475,237,unknown
977,3,-1,642,126,676,163,mask,-1,434,119,479,166,unknown,-1,414,179,475,237,unknown
978,3,-1,642,126,676,163,mask,-1,434,119,479,166,unknown,-1,414,179,475,237,unknown
979,3,-1,645,128,677,162,mask,-1,437,119,481,165,unknown,-1,414,179,475,237,unknown
980,3,-1,647,128,677,160,mask,-1,440,118,485,164,unknown,-1,414,179,475,237,unknown
981,3,-1,651,130,679,160,mask,-1,442,117,486,163,unknown,-1,414,179,475,237,unknown
982,3,-1,650,130,680,162,mask,-1,445,117,488,162,unknown,-1,414,179,475,237,unknown
983,3,-1,654,128,688,164,mask,-1,450,116,493,161,unknown,-1,414,179,475,237,unknown
984,2,-1,454,116,496,160,unknown,-1,450,153,511,220,unknown
985,2,-1,456,115,499,159,unknown,-1,453,151,513,217,unknown
986,2,-1,460,115,502,159,unknown,-1,456,150,515,214,unknown
987,2,-1,460,115,502,159,unknown,-1,456,150,515,214,unknown
988,2,-1,465,114,507,158,unknown,-1,461,149,517,211,unknown
989,2,-1,468,114,510,157,unknown,-1,464,149,520,210,unknown
990,2,-1,471,115,513,158,unknown,-1,467,149,522,209,unknown
991,2,-1,473,114,516,158,unknown,-1,468,149,522,209,unknown
992,2,-1,477,114,520,158,unknown,-1,471,150,524,208,unknown
993,2,-1,480,115,521,158,unknown,-1,474,150,526,207,unknown
994,2,-1,480,115,521,158,unknown,-1,474,150,526,207,unknown
995,2,-1,480,115,521,158,unknown,-1,474,150,526,207,unknown
996,2,-1,484,115,525,158,unknown,-1,475,150,526,206,unknown
997,2,-1,493,117,533,158,unknown,-1,481,148,530,201,unknown
998,2,-1,493,117,533,158,unknown,-1,481,148,530,201,unknown
999,2,-1,497,116,536,156,unknown,-1,480,145,531,201,unknown
1000,2,-1,507,114,547,155,unknown,-1,484,141,535,197,unknown
1001,2,-1,512,114,550,154,unknown,-1,487,140,537,195,unknown
1002,2,-1,517,114,555,154,unknown,-1,491,138,541,193,unknown
1003,2,-1,520,112,559,152,unknown,-1,494,137,543,191,unknown
1004,2,-1,523,114,560,152,unknown,-1,498,136,547,190,unknown
1005,2,-1,527,114,562,151,unknown,-1,502,136,551,190,unknown
1006,2,-1,530,113,566,151,unknown,-1,506,136,554,189,unknown
1007,2,-1,534,113,569,150,unknown,-1,509,135,557,188,unknown
1008,2,-1,534,113,569,150,unknown,-1,509,135,557,188,unknown
1009,2,-1,547,116,578,148,unknown,-1,520,140,567,191,unknown
1010,2,-1,547,116,578,148,unknown,-1,520,140,567,191,unknown
1011,2,-1,547,116,578,148,unknown,-1,520,140,567,191,unknown
1012,2,-1,555,115,586,147,unknown,-1,530,142,576,192,unknown
1013,2,-1,557,113,589,146,unknown,-1,534,142,579,192,unknown
1014,2,-1,562,114,593,146,unknown,-1,540,142,585,192,unknown
1015,2,-1,569,117,595,145,unknown,-1,544,141,589,191,unknown
1016,2,-1,569,117,595,145,unknown,-1,552,139,597,188,unknown
1017,2,-1,569,117,595,145,unknown,-1,552,139,597,188,unknown
1018,2,-1,569,117,595,145,unknown,-1,556,139,601,188,unknown
1019,2,-1,569,117,595,145,unknown,-1,560,137,605,186,unknown
1020,1,-1,561,135,608,186,unknown
1021,1,-1,561,135,608,186,unknown
1022,1,-1,571,134,616,184,unknown
1023,1,-1,571,134,616,184,unknown
1024,1,-1,576,135,619,182,unknown
1025,1,-1,581,135,624,183,unknown
1026,1,-1,581,135,624,183,unknown
1027,1,-1,584,136,627,183,unknown
1028,2,-1,589,136,631,182,unknown,-1,337,279,465,413,unknown
1029,2,-1,591,135,633,181,unknown,-1,346,276,470,406,unknown
1030,2,-1,591,135,633,181,unknown,-1,346,276,470,406,unknown
1031,2,-1,595,132,638,179,unknown,-1,363,273,480,395,unknown
1032,2,-1,595,132,638,179,unknown,-1,363,273,480,395,unknown
1033,2,-1,598,131,640,177,unknown,-1,372,270,486,389,unknown
1034,2,-1,598,131,640,177,unknown,-1,372,270,486,389,unknown
1035,2,-1,600,131,641,176,unknown,-1,380,268,492,385,unknown
1036,2,-1,603,127,646,174,unknown,-1,398,261,507,375,unknown
1037,2,-1,603,127,646,174,unknown,-1,398,261,507,375,unknown
1038,2,-1,609,126,651,172,unknown,-1,414,252,520,363,unknown
1039,2,-1,612,126,653,171,unknown,-1,421,246,527,357,unknown
1040,2,-1,612,125,655,172,unknown,-1,427,242,530,349,unknown
1041,2,-1,612,125,655,172,unknown,-1,427,242,530,349,unknown
1042,2,-1,618,126,662,174,unknown,-1,434,232,534,337,unknown
1043,2,-1,618,126,662,174,unknown,-1,434,232,534,337,unknown
1044,2,-1,626,128,670,177,unknown,-1,441,225,539,327,unknown
1045,2,-1,630,129,673,177,unknown,-1,444,225,539,324,unknown
1046,2,-1,630,129,673,177,unknown,-1,444,225,539,324,unknown
1047,2,-1,633,130,675,176,unknown,-1,446,223,539,320,unknown
1048,2,-1,640,129,679,172,unknown,-1,449,222,539,316,unknown
1049,2,-1,640,129,679,172,unknown,-1,449,222,539,316,unknown
1050,2,-1,644,130,681,171,unknown,-1,449,219,539,313,unknown
1051,2,-1,650,129,688,171,unknown,-1,450,215,538,307,unknown
1052,4,-1,650,129,688,171,unknown,-1,450,215,538,307,unknown,-1,121,275,234,372,unknown,-1,242,335,373,464,unknown
1053,4,-1,652,129,690,171,unknown,-1,450,212,537,303,unknown,-1,136,271,242,362,unknown,-1,249,329,377,455,unknown
1054,4,-1,652,129,690,171,unknown,-1,450,212,537,303,unknown,-1,136,271,242,362,unknown,-1,249,329,377,455,unknown
1055,4,-1,652,129,690,171,unknown,-1,450,212,537,303,unknown,-1,136,271,242,362,unknown,-1,249,329,377,455,unknown
1056,4,-1,657,125,699,171,unknown,-1,454,202,537,289,unknown,-1,172,256,260,331,unknown,-1,267,306,386,423,unknown
1057,3,-1,454,202,537,289,unknown,-1,172,256,260,331,unknown,-1,267,306,386,423,unknown
1058,3,-1,455,199,537,285,unknown,-1,183,248,270,323,unknown,-1,275,300,389,412,unknown
1059,3,-1,455,199,537,285,unknown,-1,183,248,270,323,unknown,-1,275,300,389,412,unknown
1060,3,-1,455,199,537,285,unknown,-1,183,248,270,323,unknown,-1,275,300,389,412,unknown
1061,3,-1,455,199,537,285,unknown,-1,183,248,270,323,unknown,-1,275,300,389,412,unknown
1062,3,-1,465,192,540,271,unknown,-1,183,248,270,323,unknown,-1,281,279,410,406,unknown
1063,3,-1,465,192,540,271,unknown,-1,183,248,270,323,unknown,-1,281,279,410,406,unknown
1064,3,-1,465,192,540,271,unknown,-1,183,248,270,323,unknown,-1,281,279,410,406,unknown
1065,3,-1,475,189,549,267,unknown,-1,240,221,338,326,unknown,-1,281,279,410,406,unknown
1066,3,-1,475,189,549,267,unknown,-1,240,221,338,326,unknown,-1,281,279,410,406,unknown
1067,3,-1,479,187,552,264,unknown,-1,245,219,346,327,unknown,-1,281,279,410,406,unknown
1068,3,-1,479,187,552,264,unknown,-1,245,219,346,327,unknown,-1,281,279,410,406,unknown
1069,3,-1,484,184,556,259,unknown,-1,260,216,359,322,unknown,-1,350,255,448,362,unknown
1070,3,-1,487,182,557,256,unknown,-1,268,213,365,317,unknown,-1,358,253,453,357,unknown
1071,3,-1,489,180,558,252,unknown,-1,274,211,371,315,unknown,-1,366,249,459,350,unknown
1072,3,-1,489,180,558,252,unknown,-1,274,211,371,315,unknown,-1,366,249,459,350,unknown
1073,3,-1,494,175,560,244,unknown,-1,289,201,388,307,unknown,-1,387,238,476,336,unknown
1074,3,-1,494,175,560,244,unknown,-1,289,201,388,307,unknown,-1,387,238,476,336,unknown
1075,3,-1,496,174,560,241,unknown,-1,298,200,397,306,unknown,-1,395,230,490,334,unknown
1076,3,-1,496,174,560,241,unknown,-1,298,200,397,306,unknown,-1,395,230,490,334,unknown
1077,3,-1,497,174,560,240,unknown,-1,302,199,401,305,unknown,-1,399,226,496,332,unknown
1078,3,-1,498,174,561,240,unknown,-1,306,199,403,303,unknown,-1,402,223,499,329,unknown
1079,3,-1,498,174,560,239,unknown,-1,309,199,406,303,unknown,-1,405,221,503,328,unknown
1080,3,-1,499,175,561,240,unknown,-1,312,199,409,303,unknown,-1,411,219,505,321,unknown
1081,3,-1,499,175,560,238,unknown,-1,319,188,415,291,unknown,-1,413,218,508,321,unknown
1082,3,-1,499,174,560,238,unknown,-1,322,188,417,290,unknown,-1,419,218,508,315,unknown
1083,3,-1,499,174,560,238,unknown,-1,322,188,417,290,unknown,-1,419,218,508,315,unknown
1084,3,-1,500,171,561,235,unknown,-1,329,186,423,287,unknown,-1,426,217,511,310,unknown
1085,3,-1,500,171,561,235,unknown,-1,329,186,423,287,unknown,-1,426,217,511,310,unknown
1086,3,-1,502,167,563,231,unknown,-1,335,181,428,281,unknown,-1,432,215,513,304,unknown
1087,3,-1,503,166,563,229,unknown,-1,338,179,429,277,unknown,-1,433,213,514,301,unknown
1088,3,-1,505,165,564,227,unknown,-1,341,177,431,274,unknown,-1,434,210,515,299,unknown
1089,3,-1,507,164,566,226,unknown,-1,344,176,433,272,unknown,-1,435,208,516,297,unknown
1090,3,-1,508,163,566,224,unknown,-1,348,175,436,269,unknown,-1,437,205,518,293,unknown
1091,3,-1,510,164,566,223,unknown,-1,351,173,438,266,unknown,-1,439,203,519,291,unknown
1092,3,-1,514,163,569,221,unknown,-1,358,172,442,262,unknown,-1,443,196,519,279,unknown
1093,3,-1,514,163,569,221,unknown,-1,358,172,442,262,unknown,-1,443,196,519,279,unknown
1094,3,-1,516,164,570,221,unknown,-1,362,172,444,260,unknown,-1,447,195,522,276,unknown
1095,3,-1,518,168,565,217,unknown,-1,374,163,451,239,unknown,-1,455,186,525,265,unknown
1096,3,-1,518,168,565,217,unknown,-1,374,163,451,239,unknown,-1,455,186,525,265,unknown
1097,3,-1,523,163,575,217,unknown,-1,381,163,456,237,unknown,-1,460,185,528,262,unknown
1098,3,-1,525,161,579,218,unknown,-1,385,164,458,236,unknown,-1,463,185,530,261,unknown
1099,3,-1,528,160,582,217,unknown,-1,388,164,461,236,unknown,-1,465,184,531,259,unknown
1100,3,-1,529,157,583,213,unknown,-1,392,163,464,234,unknown,-1,467,184,532,258,unknown
1101,3,-1,529,157,583,213,unknown,-1,392,163,464,234,unknown,-1,467,184,532,258,unknown
1102,3,-1,537,152,592,210,unknown,-1,404,159,476,230,unknown,-1,475,182,539,254,unknown
1103,3,-1,540,150,597,209,unknown,-1,408,158,479,228,unknown,-1,478,181,540,251,unknown
1104,3,-1,542,148,599,208,unknown,-1,411,155,482,225,unknown,-1,481,180,543,249,unknown
1105,3,-1,543,145,601,206,unknown,-1,414,154,485,224,unknown,-1,484,179,544,247,unknown
1106,3,-1,544,143,604,206,unknown,-1,417,152,488,222,unknown,-1,487,178,546,245,unknown
1107,3,-1,544,143,604,206,unknown,-1,417,152,488,222,unknown,-1,487,178,546,245,unknown
1108,3,-1,548,144,606,205,unknown,-1,420,152,490,221,unknown,-1,489,176,547,242,unknown
1109,3,-1,549,146,603,202,unknown,-1,423,151,493,220,unknown,-1,492,175,549,239,unknown
1110,3,-1,553,149,606,204,unknown,-1,425,151,495,220,unknown,-1,493,174,550,238,unknown
1111,3,-1,553,145,609,204,unknown,-1,429,152,498,220,unknown,-1,496,173,553,237,unknown
1112,3,-1,557,144,616,206,unknown,-1,432,152,500,219,unknown,-1,498,172,554,235,unknown
1113,3,-1,558,142,619,206,unknown,-1,435,152,503,219,unknown,-1,500,172,555,234,unknown
1114,3,-1,560,141,621,205,unknown,-1,438,153,504,218,unknown,-1,501,172,556,234,unknown
1115,3,-1,561,143,619,204,unknown,-1,441,153,506,218,unknown,-1,503,171,558,233,unknown
1116,3,-1,564,142,622,203,unknown,-1,445,152,509,215,unknown,-1,504,171,558,232,unknown
1117,3,-1,568,144,622,200,unknown,-1,451,150,514,212,unknown,-1,506,170,562,233,unknown
1118,3,-1,568,144,622,200,unknown,-1,451,150,514,212,unknown,-1,506,170,562,233,unknown
1119,3,-1,572,143,627,201,unknown,-1,455,148,518,210,unknown,-1,508,169,565,233,unknown
1120,3,-1,573,143,627,200,unknown,-1,458,147,521,209,unknown,-1,508,166,567,233,unknown
1121,3,-1,575,144,627,198,unknown,-1,461,146,524,208,unknown,-1,510,162,573,233,unknown
1122,3,-1,576,142,627,195,unknown,-1,465,145,526,206,unknown,-1,513,160,577,232,unknown
1123,3,-1,576,142,627,195,unknown,-1,465,145,526,206,unknown,-1,513,160,577,232,unknown
1124,3,-1,580,141,631,194,unknown,-1,471,143,531,202,unknown,-1,517,158,582,231,unknown
1125,3,-1,580,141,631,194,unknown,-1,471,143,531,202,unknown,-1,517,158,582,231,unknown
1126,3,-1,594,147,641,196,unknown,-1,476,142,535,201,unknown,-1,522,155,588,229,unknown
1127,3,-1,594,147,641,196,unknown,-1,476,142,535,201,unknown,-1,522,155,588,229,unknown
1128,3,-1,599,148,643,194,unknown,-1,483,144,540,200,unknown,-1,526,153,593,228,unknown
1129,3,-1,601,149,646,196,unknown,-1,486,145,542,200,unknown,-1,529,153,596,228,unknown
1130,3,-1,603,150,647,196,unknown,-1,489,144,545,199,unknown,-1,532,153,598,228,unknown
1131,3,-1,605,150,648,195,unknown,-1,492,145,548,200,unknown,-1,533,151,601,227,unknown
1132,3,-1,608,151,650,195,unknown,-1,496,145,551,199,unknown,-1,538,154,602,227,unknown
1133,3,-1,611,151,652,194,unknown,-1,499,144,554,198,unknown,-1,541,156,603,226,unknown
1134,3,-1,612,150,653,193,unknown,-1,502,143,558,198,unknown,-1,545,157,606,225,unknown
1135,3,-1,615,151,657,194,unknown,-1,505,142,561,197,unknown,-1,546,156,608,225,unknown
1136,3,-1,615,151,657,194,unknown,-1,505,142,561,197,unknown,-1,546,156,608,225,unknown
1137,3,-1,621,154,656,190,unknown,-1,511,139,567,194,unknown,-1,556,156,616,223,unknown
1138,3,-1,621,154,656,190,unknown,-1,511,139,567,194,unknown,-1,556,156,616,223,unknown
1139,3,-1,623,153,659,190,unknown,-1,515,138,571,193,unknown,-1,565,158,620,220,unknown
1140,3,-1,623,153,657,189,unknown,-1,518,137,575,194,unknown,-1,567,156,622,218,unknown
1141,3,-1,624,153,658,189,unknown,-1,520,136,579,194,unknown,-1,571,156,625,217,unknown
1142,3,-1,625,153,659,189,unknown,-1,521,136,580,195,unknown,-1,573,155,626,215,unknown
1143,3,-1,626,153,659,187,unknown,-1,522,134,583,194,unknown,-1,577,155,630,215,unknown
1144,2,-1,523,134,584,194,unknown,-1,578,153,632,214,unknown
1145,2,-1,523,134,584,194,unknown,-1,578,153,632,214,unknown
1146,2,-1,529,135,589,194,unknown,-1,584,155,634,211,unknown
1147,2,-1,529,135,589,194,unknown,-1,584,155,634,211,unknown
1148,2,-1,534,134,594,193,unknown,-1,583,153,635,212,unknown
1149,2,-1,536,135,594,192,unknown,-1,590,157,637,210,unknown
1150,2,-1,540,135,597,191,unknown,-1,591,158,638,211,unknown
1151,2,-1,540,133,599,191,unknown,-1,593,157,640,210,unknown
1152,2,-1,541,134,600,193,unknown,-1,595,159,641,210,unknown
1153,2,-1,545,131,605,190,unknown,-1,598,157,645,210,unknown
1154,2,-1,545,131,605,190,unknown,-1,598,157,645,210,unknown
1155,2,-1,549,131,608,189,unknown,-1,601,156,646,207,unknown
1156,2,-1,549,131,608,189,unknown,-1,601,156,646,207,unknown
1157,1,-1,606,155,651,206,unknown
1158,1,-1,606,155,651,206,unknown
1159,1,-1,608,155,651,204,unknown
1160,1,-1,608,155,651,204,unknown
1161,1,-1,611,155,655,205,unknown
1162,1,-1,610,156,657,210,unknown
1163,1,-1,615,156,662,210,unknown
1164,1,-1,615,156,662,210,unknown
1165,1,-1,616,155,665,210,unknown
1166,1,-1,619,153,670,211,unknown
1167,1,-1,621,153,673,212,unknown
1168,1,-1,623,153,676,213,unknown
1169,1,-1,625,151,680,213,unknown
1170,1,-1,627,151,682,214,unknown
1171,1,-1,628,150,685,215,unknown
1172,1,-1,629,148,689,216,unknown
1173,1,-1,630,135,690,203,unknown
1174,1,-1,631,136,680,203,unknown
1175,1,-1,632,136,681,203,unknown
1176,1,-1,633,133,685,203,unknown
1177,1,-1,595,129,641,178,mask
1178,1,-1,594,129,641,179,mask
1179,1,-1,594,129,641,179,mask
1180,1,-1,593,126,643,179,mask
1181,1,-1,593,126,643,179,mask
1182,1,-1,592,126,641,178,mask
1183,1,-1,592,126,641,178,mask
1184,1,-1,591,126,642,180,mask
1185,1,-1,591,126,641,180,mask
1186,1,-1,590,125,642,180,mask
1187,1,-1,589,125,641,180,mask
1188,1,-1,586,122,642,182,mask
1189,1,-1,585,122,641,182,mask
1190,1,-1,585,122,641,182,mask
1191,1,-1,583,121,642,183,mask
1192,1,-1,583,121,641,183,mask
1193,1,-1,581,120,641,183,mask
1194,1,-1,581,121,640,184,mask
1195,1,-1,580,119,642,185,mask
1196,1,-1,579,120,639,183,mask
1197,1,-1,579,119,639,183,mask
1198,1,-1,578,119,638,183,mask
1199,1,-1,578,119,639,184,mask
1200,1,-1,578,119,639,184,mask
1201,1,-1,578,119,639,184,mask
1202,1,-1,578,119,639,184,mask
1203,1,-1,578,118,640,184,mask
1204,1,-1,578,118,640,184,mask
1205,1,-1,579,118,640,183,mask
1206,1,-1,580,119,641,184,mask
1207,1,-1,581,119,642,184,mask
1208,1,-1,582,119,642,183,mask
1209,1,-1,583,119,643,183,mask
1210,1,-1,583,119,643,183,mask
1211,1,-1,584,119,644,183,mask
1212,1,-1,584,119,645,184,mask
1213,1,-1,586,120,646,184,mask
1214,1,-1,586,120,646,184,mask
1215,1,-1,586,120,647,185,mask
1216,1,-1,586,120,647,185,mask
1217,1,-1,587,120,647,184,mask
1218,1,-1,587,120,647,184,mask
1219,1,-1,588,121,648,185,mask
1220,1,-1,588,121,648,185,mask
1221,1,-1,589,121,649,184,mask
1222,1,-1,589,121,649,184,mask
1223,1,-1,589,120,649,184,mask
1224,1,-1,595,131,649,184,mask
1225,1,-1,594,131,648,184,mask
1226,1,-1,594,131,648,184,mask
1227,1,-1,593,131,647,184,mask
1228,1,-1,593,131,647,184,mask
1229,1,-1,593,130,647,183,mask
1230,1,-1,592,130,646,183,mask
1231,1,-1,592,130,646,183,mask
1232,1,-1,591,130,645,183,mask
1233,1,-1,591,130,645,183,mask
1234,1,-1,591,132,643,183,mask
1235,1,-1,591,132,643,183,mask
1236,1,-1,590,130,644,183,mask
1237,1,-1,589,129,642,181,mask
1238,1,-1,589,130,642,182,mask
1239,1,-1,589,130,642,182,mask
1240,1,-1,590,130,642,181,mask
1241,1,-1,588,130,640,181,mask
1242,1,-1,588,130,640,181,mask
1243,1,-1,586,130,642,185,mask
1244,1,-1,588,130,641,182,mask
1245,1,-1,588,130,641,182,mask
1246,1,-1,588,130,641,182,mask
1247,1,-1,588,130,641,182,mask
1248,1,-1,589,130,641,181,mask
1249,1,-1,591,131,643,182,mask
1250,1,-1,591,131,643,182,mask
1251,1,-1,592,132,643,182,mask
1252,1,-1,594,132,644,181,mask
1253,1,-1,594,133,643,181,mask
1254,1,-1,596,133,645,181,mask
1255,1,-1,597,132,646,180,mask
1256,1,-1,598,133,646,180,mask
1257,1,-1,598,133,645,179,mask
1258,1,-1,598,133,645,179,mask
1259,1,-1,600,134,645,178,mask
1260,1,-1,600,134,645,178,mask
1261,1,-1,600,134,646,179,mask
1262,1,-1,600,135,645,179,mask
1263,1,-1,600,135,645,179,mask
1264,1,-1,599,135,644,180,mask
1265,1,-1,600,135,644,178,mask
1266,1,-1,600,135,644,178,mask
1267,1,-1,600,135,644,178,mask
1268,1,-1,599,135,643,178,mask
1269,1,-1,599,135,643,178,mask
1270,1,-1,599,135,644,179,mask
1271,1,-1,599,135,644,179,mask
1272,1,-1,598,135,643,180,mask
1273,1,-1,598,135,643,179,mask
1274,1,-1,598,135,643,179,mask
1275,1,-1,597,135,643,180,mask
1276,1,-1,597,135,643,180,mask
1277,1,-1,596,135,642,180,mask
1278,1,-1,596,136,641,181,mask
1279,1,-1,595,135,641,180,mask
1280,1,-1,595,135,641,180,mask
1281,1,-1,595,135,640,180,mask
1282,1,-1,595,135,640,180,mask
1283,1,-1,594,135,640,181,mask
1284,1,-1,594,135,640,181,mask
1285,1,-1,593,135,640,181,mask
1286,1,-1,593,134,640,180,mask
1287,1,-1,593,134,640,180,mask
1288,1,-1,593,134,641,181,mask
1289,1,-1,593,135,639,181,mask
1290,1,-1,593,134,640,180,mask
1291,1,-1,592,134,640,181,mask
1292,1,-1,592,134,640,181,mask
1293,1,-1,592,134,640,181,mask
1294,1,-1,592,134,638,179,mask
1295,2,-1,592,134,638,179,mask,-1,617,150,657,192,mask
1296,2,-1,592,134,637,178,mask,-1,612,149,653,192,mask
1297,2,-1,593,134,636,176,mask,-1,609,148,651,192,mask
1298,2,-1,592,135,634,176,mask,-1,606,147,648,191,mask
1299,2,-1,592,135,634,176,mask,-1,606,147,648,191,mask
1300,2,-1,593,136,631,173,mask,-1,604,147,645,190,mask
1301,1,-1,601,146,643,190,mask
1302,1,-1,601,146,643,190,mask
1303,1,-1,599,146,640,189,mask
1304,1,-1,597,145,639,189,mask
1305,1,-1,596,145,637,189,mask
1306,1,-1,590,144,635,191,mask
1307,1,-1,590,144,635,191,mask
1308,1,-1,586,144,632,192,mask
1309,1,-1,586,144,632,193,mask
1310,1,-1,584,145,628,192,mask
1311,1,-1,584,145,629,192,mask
1312,1,-1,583,145,627,191,mask
1313,1,-1,582,145,625,190,mask
1314,1,-1,581,146,623,190,mask
1315,1,-1,579,146,622,191,mask
1316,1,-1,579,146,621,190,mask
1317,1,-1,576,146,619,191,mask
1318,1,-1,576,146,619,191,mask
1319,1,-1,575,146,619,192,mask
1320,1,-1,571,145,618,194,mask
1321,1,-1,571,145,618,194,mask
1322,1,-1,570,146,617,196,mask
1323,1,-1,570,146,617,196,mask
1324,1,-1,570,146,617,196,mask
1325,1,-1,567,146,615,196,mask
1326,1,-1,566,146,613,196,mask
1327,1,-1,566,146,612,194,mask
1328,1,-1,564,146,610,194,mask
1329,1,-1,563,146,609,194,mask
1330,1,-1,562,145,608,193,mask
1331,1,-1,561,145,606,193,mask
1332,1,-1,559,145,604,193,mask
1333,2,-1,555,145,600,192,mask,-1,618,130,672,185,mask
1334,2,-1,555,145,600,192,mask,-1,618,130,672,185,mask
1335,2,-1,550,146,595,193,mask,-1,615,131,668,185,mask
1336,2,-1,550,146,595,193,mask,-1,615,131,668,185,mask
1337,2,-1,547,145,593,193,mask,-1,613,130,666,184,mask
1338,2,-1,545,144,590,192,mask,-1,611,130,665,185,mask
1339,2,-1,542,143,588,191,mask,-1,610,129,663,183,mask
1340,2,-1,540,143,585,190,mask,-1,607,128,662,184,mask
1341,2,-1,534,143,579,190,mask,-1,602,128,657,184,mask
1342,2,-1,534,143,579,190,mask,-1,602,128,657,184,mask
1343,2,-1,531,143,575,189,mask,-1,600,127,656,184,mask
1344,2,-1,526,143,568,187,mask,-1,595,126,652,184,mask
1345,2,-1,526,143,568,187,mask,-1,595,126,652,184,mask
1346,2,-1,525,143,566,186,mask,-1,592,127,648,184,mask
1347,2,-1,522,144,562,185,mask,-1,587,126,645,185,mask
1348,2,-1,522,144,562,185,mask,-1,587,126,645,185,mask
1349,2,-1,517,143,556,184,mask,-1,583,125,641,184,mask
1350,2,-1,517,143,556,184,mask,-1,583,125,641,184,mask
1351,2,-1,512,145,552,187,mask,-1,577,126,636,186,mask
1352,2,-1,512,145,552,187,mask,-1,577,126,636,186,mask
1353,2,-1,510,145,550,187,mask,-1,574,126,633,186,mask
1354,2,-1,508,145,548,187,mask,-1,572,127,630,186,mask
1355,2,-1,505,146,545,188,mask,-1,568,128,627,188,mask
1356,2,-1,500,147,540,189,mask,-1,562,128,621,188,mask
1357,2,-1,500,147,540,189,mask,-1,562,128,621,188,mask
1358,2,-1,495,149,536,192,mask,-1,556,127,615,187,mask
1359,2,-1,495,149,536,192,mask,-1,556,127,615,187,mask
1360,2,-1,490,149,531,192,mask,-1,550,128,608,187,mask
1361,2,-1,490,149,531,192,mask,-1,550,128,608,187,mask
1362,2,-1,486,149,526,191,mask,-1,545,128,604,188,mask
1363,2,-1,486,149,526,191,mask,-1,545,128,604,188,mask
1364,2,-1,481,148,522,191,mask,-1,542,128,600,187,mask
1365,2,-1,481,148,522,191,mask,-1,542,128,600,187,mask
1366,2,-1,480,149,521,192,mask,-1,541,129,598,187,mask
1367,2,-1,478,148,519,191,mask,-1,540,130,596,187,mask
1368,2,-1,477,148,518,191,mask,-1,538,130,594,187,mask
1369,2,-1,475,149,516,192,mask,-1,537,131,592,187,mask
1370,2,-1,475,149,516,192,mask,-1,537,131,592,187,mask
1371,2,-1,475,149,516,192,mask,-1,537,131,592,187,mask
1372,2,-1,469,150,510,193,mask,-1,532,132,588,189,mask
1373,2,-1,469,150,510,193,mask,-1,532,132,588,189,mask
1374,2,-1,466,151,507,194,mask,-1,527,133,584,191,mask
1375,2,-1,463,151,504,194,mask,-1,525,134,583,193,mask
1376,2,-1,463,151,504,194,mask,-1,525,134,583,193,mask
1377,2,-1,458,153,500,197,mask,-1,521,135,579,194,mask
1378,2,-1,458,153,500,197,mask,-1,521,135,579,194,mask
1379,2,-1,458,153,500,197,mask,-1,521,135,579,194,mask
1380,2,-1,451,155,492,198,mask,-1,515,134,575,195,mask
1381,2,-1,447,156,489,200,mask,-1,514,134,573,194,mask
1382,2,-1,447,156,489,200,mask,-1,514,134,573,194,mask
1383,2,-1,443,156,484,199,mask,-1,512,134,572,195,mask
1384,2,-1,443,156,484,199,mask,-1,512,134,572,195,mask
1385,2,-1,438,157,478,199,mask,-1,509,135,570,197,mask
1386,2,-1,438,157,478,199,mask,-1,509,135,570,197,mask
1387,2,-1,438,157,478,199,mask,-1,509,135,570,197,mask
1388,2,-1,430,157,471,200,mask,-1,505,136,567,199,mask
1389,2,-1,428,157,469,200,mask,-1,504,136,566,199,mask
1390,2,-1,428,157,469,200,mask,-1,504,136,566,199,mask
1391,2,-1,425,158,466,201,mask,-1,502,136,566,201,mask
1392,2,-1,425,158,466,201,mask,-1,502,136,566,201,mask
1393,2,-1,425,158,466,201,mask,-1,502,136,566,201,mask
1394,2,-1,420,162,462,206,mask,-1,496,137,562,205,mask
1395,2,-1,420,162,462,206,mask,-1,496,137,562,205,mask
1396,2,-1,417,166,460,211,mask,-1,490,139,557,207,mask
1397,2,-1,417,166,460,211,mask,-1,490,139,557,207,mask
1398,2,-1,416,168,459,213,mask,-1,487,138,554,207,mask
1399,2,-1,416,168,459,213,mask,-1,487,138,554,207,mask
1400,2,-1,416,168,459,213,mask,-1,487,138,554,207,mask
1401,2,-1,416,168,459,213,mask,-1,487,138,554,207,mask
1402,2,-1,413,173,456,218,mask,-1,471,139,539,209,mask
1403,4,-1,413,173,456,218,mask,-1,471,139,539,209,mask,-1,628,139,674,187,face,-1,520,134,570,184,mask
1404,4,-1,413,173,456,218,mask,-1,471,139,539,209,mask,-1,628,139,674,187,face,-1,520,134,570,184,mask
1405,4,-1,410,173,457,222,mask,-1,464,141,533,211,mask,-1,626,140,673,189,face,-1,513,136,563,186,mask
1406,4,-1,410,173,457,222,mask,-1,464,141,533,211,mask,-1,626,139,673,188,face,-1,514,136,564,186,mask
1407,4,-1,408,173,455,222,mask,-1,460,144,528,213,mask,-1,623,137,673,189,face,-1,505,133,559,187,mask
1408,4,-1,408,173,455,222,mask,-1,460,144,528,213,mask,-1,623,137,672,189,face,-1,505,133,559,187,mask
1409,4,-1,408,173,455,222,mask,-1,460,144,528,213,mask,-1,623,137,672,189,face,-1,505,133,559,187,mask
1410,4,-1,408,173,455,222,mask,-1,460,144,528,213,mask,-1,623,137,672,189,face,-1,505,133,559,187,mask
1411,4,-1,400,176,451,230,mask,-1,455,154,522,223,mask,-1,619,143,667,193,face,-1,491,134,544,187,mask
1412,4,-1,399,178,451,232,mask,-1,455,155,524,226,mask,-1,618,142,667,193,face,-1,487,133,543,189,mask
1413,4,-1,399,178,451,232,mask,-1,455,155,524,226,mask,-1,618,142,667,193,face,-1,487,133,543,189,mask
1414,4,-1,399,178,451,232,mask,-1,455,155,524,226,mask,-1,618,142,667,193,face,-1,487,133,543,189,mask
1415,4,-1,399,178,451,232,mask,-1,455,155,524,226,mask,-1,618,142,667,193,face,-1,487,133,543,189,mask
1416,4,-1,399,178,451,232,mask,-1,455,155,526,227,mask,-1,615,142,663,193,face,-1,487,133,543,189,mask
1417,4,-1,390,184,446,242,mask,-1,454,155,526,228,mask,-1,613,141,662,193,face,-1,488,131,533,176,mask
1418,4,-1,390,184,446,242,mask,-1,454,155,526,228,mask,-1,613,141,662,193,face,-1,488,131,533,176,mask
1419,4,-1,390,184,446,242,mask,-1,454,155,526,228,mask,-1,613,141,662,193,face,-1,488,131,533,176,mask
1420,4,-1,381,188,435,244,mask,-1,450,156,525,232,mask,-1,605,139,655,191,face,-1,480,133,527,180,mask
1421,4,-1,381,188,435,244,mask,-1,450,156,525,232,mask,-1,605,139,655,191,face,-1,480,133,527,180,mask
1422,4,-1,381,188,435,244,mask,-1,450,156,525,232,mask,-1,605,139,655,191,face,-1,480,133,527,180,mask
1423,4,-1,381,188,435,244,mask,-1,450,156,525,232,mask,-1,605,139,655,191,face,-1,480,133,527,180,mask
1424,3,-1,374,189,429,247,mask,-1,444,159,522,239,mask,-1,598,139,648,192,face
1425,3,-1,374,189,429,247,mask,-1,444,159,522,239,mask,-1,598,139,648,192,face
1426,3,-1,374,189,429,247,mask,-1,444,159,522,239,mask,-1,598,139,648,192,face
1427,3,-1,369,190,423,247,mask,-1,435,163,517,246,mask,-1,589,139,640,193,face
1428,3,-1,369,190,423,247,mask,-1,435,163,517,246,mask,-1,589,139,640,193,face
1429,3,-1,369,190,423,247,mask,-1,435,163,517,246,mask,-1,589,139,640,193,face
1430,3,-1,369,190,423,247,mask,-1,435,163,517,246,mask,-1,589,139,640,193,face
1431,3,-1,369,190,423,247,mask,-1,435,163,517,246,mask,-1,589,139,640,193,face
1432,3,-1,363,196,419,255,mask,-1,418,172,502,257,mask,-1,573,140,626,196,face
1433,3,-1,362,197,419,257,mask,-1,412,173,498,261,mask,-1,569,140,622,195,face
1434,3,-1,362,197,419,257,mask,-1,412,173,498,261,mask,-1,569,140,622,195,face
1435,3,-1,362,197,419,257,mask,-1,412,173,498,261,mask,-1,569,140,622,195,face
1436,3,-1,360,205,414,262,mask,-1,390,173,475,260,mask,-1,553,137,606,193,face
1437,3,-1,360,205,414,262,mask,-1,390,173,475,260,mask,-1,553,137,606,193,face
1438,3,-1,360,205,414,262,mask,-1,381,174,466,261,mask,-1,546,135,599,191,face
1439,3,-1,360,205,414,262,mask,-1,381,174,466,261,mask,-1,546,135,599,191,face
1440,3,-1,360,205,414,262,mask,-1,381,174,466,261,mask,-1,546,135,599,191,face
1441,3,-1,360,205,414,262,mask,-1,381,174,466,261,mask,-1,546,135,599,191,face
1442,3,-1,360,205,414,262,mask,-1,361,171,459,270,mask,-1,533,136,589,195,face
1443,3,-1,360,205,414,262,mask,-1,356,173,455,274,mask,-1,530,136,587,195,face
1444,3,-1,360,205,414,262,mask,-1,356,173,455,274,mask,-1,530,136,587,195,face
1445,3,-1,360,205,414,262,mask,-1,356,173,455,274,mask,-1,530,136,587,195,face
1446,3,-1,356,173,455,274,mask,-1,530,136,587,195,face,-1,442,143,491,214,mask
1447,3,-1,340,183,441,286,mask,-1,517,140,579,204,face,-1,432,144,483,218,mask
1448,3,-1,336,187,439,292,mask,-1,516,141,577,205,face,-1,431,144,482,218,mask
1449,3,-1,327,193,433,301,mask,-1,513,140,576,206,face,-1,427,144,478,218,mask
1450,3,-1,327,193,433,301,mask,-1,513,140,576,206,face,-1,427,144,478,218,mask
1451,3,-1,323,195,430,304,mask,-1,511,140,575,207,face,-1,425,143,478,219,mask
1452,3,-1,323,195,430,304,mask,-1,511,140,575,207,face,-1,425,143,478,219,mask
1453,3,-1,313,198,424,311,mask,-1,508,141,569,205,face,-1,422,144,476,222,mask
1454,3,-1,313,198,424,311,mask,-1,508,141,569,205,face,-1,422,144,476,222,mask
1455,3,-1,313,198,424,311,mask,-1,508,141,569,205,face,-1,422,144,476,222,mask
1456,3,-1,296,202,418,327,mask,-1,502,141,565,207,face,-1,418,145,472,223,mask
1457,3,-1,291,203,409,323,mask,-1,500,143,564,209,face,-1,417,146,471,224,mask
1458,3,-1,291,203,409,323,mask,-1,500,143,564,209,face,-1,417,146,471,224,mask
1459,3,-1,291,203,409,323,mask,-1,490,150,554,216,face,-1,417,146,471,224,mask
1460,3,-1,263,212,394,345,mask,-1,483,154,549,222,face,-1,412,150,467,230,mask
1461,3,-1,263,212,394,345,mask,-1,483,154,549,222,face,-1,412,150,467,230,mask
1462,3,-1,254,216,382,347,mask,-1,481,156,548,225,face,-1,411,151,467,232,mask
1463,3,-1,228,225,363,363,mask,-1,476,158,545,229,face,-1,409,152,465,234,mask
1464,3,-1,215,229,352,368,mask,-1,473,159,542,230,face,-1,408,152,465,234,mask
1465,3,-1,215,229,352,368,mask,-1,473,159,542,230,face,-1,408,152,465,234,mask
1466,3,-1,215,229,352,368,mask,-1,473,159,542,230,face,-1,408,152,465,234,mask
1467,3,-1,215,229,352,368,mask,-1,473,159,542,230,face,-1,408,152,465,234,mask
1468,3,-1,197,238,311,354,mask,-1,466,158,539,233,face,-1,404,153,463,238,mask
1469,3,-1,197,238,311,354,mask,-1,466,158,539,233,face,-1,404,153,463,238,mask
1470,3,-1,189,241,295,349,mask,-1,466,159,539,235,face,-1,403,153,463,239,mask
1471,2,-1,466,159,539,235,face,-1,403,153,463,239,mask
1472,2,-1,465,163,538,238,face,-1,398,154,459,242,mask
1473,2,-1,465,163,538,238,face,-1,398,154,459,242,mask
1474,2,-1,464,167,538,243,face,-1,394,157,455,246,mask
1475,2,-1,464,167,538,243,face,-1,394,157,455,246,mask
1476,2,-1,464,167,538,243,face,-1,394,157,455,246,mask
1477,2,-1,464,167,538,243,face,-1,394,157,455,246,mask
1478,2,-1,466,172,541,249,face,-1,385,164,447,254,mask
1479,2,-1,466,172,541,249,face,-1,385,164,447,254,mask
1480,2,-1,467,173,541,249,face,-1,379,166,441,256,mask
1481,2,-1,467,173,541,249,face,-1,379,166,441,256,mask
1482,2,-1,467,173,541,249,face,-1,379,166,441,256,mask
1483,2,-1,467,173,541,249,face,-1,379,166,441,256,mask
1484,3,-1,467,173,541,249,face,-1,379,166,441,256,mask,-1,148,292,259,398,mask
1485,3,-1,462,175,539,255,face,-1,367,166,432,260,mask,-1,115,304,230,414,mask
1486,3,-1,458,178,538,260,face,-1,360,167,426,262,mask,-1,95,309,221,430,mask
1487,3,-1,458,178,538,260,face,-1,360,167,426,262,mask,-1,95,309,221,430,mask
1488,3,-1,458,178,538,260,face,-1,360,167,426,262,mask,-1,95,309,221,430,mask
1489,4,-1,458,178,538,260,face,-1,360,167,426,262,mask,-1,95,309,221,430,mask,-1,598,124,656,179,face
1490,4,-1,458,178,538,260,face,-1,360,167,426,262,mask,-1,95,309,221,430,mask,-1,598,124,656,179,face
1491,4,-1,458,178,538,260,face,-1,360,167,426,262,mask,-1,95,309,221,430,mask,-1,598,124,656,179,face
1492,4,-1,444,189,528,276,face,-1,347,169,415,268,mask,-1,95,309,221,430,mask,-1,580,124,640,181,face
1493,4,-1,440,191,526,279,face,-1,345,171,413,270,mask,-1,95,309,221,430,mask,-1,576,124,636,181,face
1494,4,-1,436,191,523,281,face,-1,342,173,411,273,mask,-1,95,309,221,430,mask,-1,573,124,632,180,face
1495,4,-1,436,191,523,281,face,-1,342,173,411,273,mask,-1,95,309,221,430,mask,-1,573,124,632,180,face
1496,4,-1,436,191,523,281,face,-1,342,173,411,273,mask,-1,573,124,632,180,face,-1,644,135,680,193,mask
1497,4,-1,436,191,523,281,face,-1,342,173,411,273,mask,-1,573,124,632,180,face,-1,644,135,680,193,mask
1498,4,-1,418,192,512,289,face,-1,332,182,402,284,mask,-1,559,120,619,177,face,-1,627,131,665,192,mask
1499,4,-1,418,192,512,289,face,-1,332,182,402,284,mask,-1,559,120,619,177,face,-1,627,131,665,192,mask
1500,4,-1,413,192,510,292,face,-1,326,186,399,292,mask,-1,552,118,612,175,face,-1,619,131,657,192,mask
1501,4,-1,410,192,509,294,face,-1,324,187,398,294,mask,-1,550,117,610,174,face,-1,616,130,654,191,mask
1502,4,-1,410,192,509,294,face,-1,324,187,398,294,mask,-1,550,117,610,174,face,-1,616,130,654,191,mask
1503,4,-1,410,192,509,294,face,-1,324,187,398,294,mask,-1,550,117,610,174,face,-1,616,130,654,191,mask
1504,4,-1,410,192,509,294,face,-1,324,187,398,294,mask,-1,550,117,610,174,face,-1,616,130,654,191,mask
1505,4,-1,410,192,509,294,face,-1,324,187,398,294,mask,-1,550,117,610,174,face,-1,616,130,654,191,mask
1506,4,-1,399,200,501,305,face,-1,312,189,388,299,mask,-1,538,116,596,171,face,-1,599,127,638,189,mask
1507,4,-1,396,201,500,308,face,-1,308,189,385,301,mask,-1,535,116,593,171,face,-1,596,126,635,189,mask
1508,4,-1,394,203,499,311,face,-1,305,190,383,303,mask,-1,532,116,590,171,face,-1,593,128,631,189,mask
1509,4,-1,394,203,499,311,face,-1,305,190,383,303,mask,-1,532,116,590,171,face,-1,593,128,631,189,mask
1510,4,-1,394,203,499,311,face,-1,305,190,383,303,mask,-1,532,116,590,171,face,-1,593,128,631,189,mask
1511,4,-1,394,203,499,311,face,-1,305,190,383,303,mask,-1,532,116,590,171,face,-1,593,128,631,189,mask
1512,4,-1,394,203,499,311,face,-1,305,190,383,303,mask,-1,532,116,590,171,face,-1,593,128,631,189,mask
1513,4,-1,386,216,496,329,face,-1,282,199,365,319,mask,-1,518,119,574,172,face,-1,579,127,619,191,mask
1514,4,-1,386,216,496,329,face,-1,282,199,365,319,mask,-1,518,119,574,172,face,-1,579,127,619,191,mask
1515,4,-1,384,218,495,333,face,-1,277,202,360,323,mask,-1,515,119,573,174,face,-1,579,132,614,189,mask
1516,4,-1,384,218,495,333,face,-1,277,202,360,323,mask,-1,515,119,573,174,face,-1,579,132,614,189,mask
1517,4,-1,382,220,495,337,face,-1,266,207,351,330,mask,-1,511,118,568,172,face,-1,574,134,608,190,mask
1518,4,-1,382,220,495,337,face,-1,266,207,351,330,mask,-1,511,118,568,172,face,-1,574,134,608,190,mask
1519,4,-1,382,220,495,337,face,-1,266,207,351,330,mask,-1,511,118,568,172,face,-1,574,134,608,190,mask
1520,4,-1,382,220,495,337,face,-1,266,207,351,330,mask,-1,511,118,568,172,face,-1,574,134,608,190,mask
1521,4,-1,382,220,495,337,face,-1,266,207,351,330,mask,-1,511,118,568,172,face,-1,574,134,608,190,mask
1522,4,-1,366,232,484,353,face,-1,225,218,311,342,mask,-1,494,115,553,171,face,-1,560,129,600,194,mask
1523,4,-1,366,232,484,353,face,-1,225,218,311,342,mask,-1,494,115,553,171,face,-1,560,129,600,194,mask
1524,4,-1,366,232,484,353,face,-1,225,218,311,342,mask,-1,494,115,553,171,face,-1,560,129,600,194,mask
1525,4,-1,356,241,476,364,face,-1,201,222,291,353,mask,-1,485,115,545,172,face,-1,555,128,594,190,mask
1526,4,-1,356,241,476,364,face,-1,201,222,291,353,mask,-1,485,115,545,172,face,-1,555,128,594,190,mask
1527,4,-1,356,241,476,364,face,-1,201,222,291,353,mask,-1,485,115,545,172,face,-1,555,128,594,190,mask
1528,4,-1,356,241,476,364,face,-1,201,222,291,353,mask,-1,485,115,545,172,face,-1,555,128,594,190,mask
1529,4,-1,356,241,476,364,face,-1,201,222,291,353,mask,-1,485,115,545,172,face,-1,555,128,594,190,mask
1530,4,-1,327,258,456,391,face,-1,159,235,262,384,mask,-1,468,118,527,174,face,-1,545,128,586,194,mask
1531,4,-1,320,262,450,396,face,-1,150,240,255,392,mask,-1,464,118,523,174,face,-1,544,126,587,195,mask
1532,4,-1,311,264,445,402,face,-1,147,253,233,378,mask,-1,460,119,519,175,face,-1,545,133,579,188,mask
1533,4,-1,311,264,445,402,face,-1,147,253,233,378,mask,-1,460,119,519,175,face,-1,545,133,579,188,mask
1534,4,-1,311,264,445,402,face,-1,147,253,233,378,mask,-1,460,119,519,175,face,-1,545,133,579,188,mask
1535,4,-1,311,264,445,402,face,-1,147,253,233,378,mask,-1,460,119,519,175,face,-1,545,133,579,188,mask
1536,4,-1,311,264,445,402,face,-1,147,253,233,378,mask,-1,460,119,519,175,face,-1,545,133,579,188,mask
1537,4,-1,281,284,404,411,face,-1,147,253,233,378,mask,-1,434,117,495,174,face,-1,534,134,570,193,mask
1538,4,-1,281,284,404,411,face,-1,147,253,233,378,mask,-1,434,117,495,174,face,-1,534,134,570,193,mask
1539,4,-1,268,290,395,421,face,-1,147,253,233,378,mask,-1,428,117,488,174,face,-1,530,135,565,192,mask
1540,4,-1,268,290,395,421,face,-1,147,253,233,378,mask,-1,428,117,488,174,face,-1,530,135,565,192,mask
1541,4,-1,268,290,395,421,face,-1,147,253,233,378,mask,-1,428,117,488,174,face,-1,530,135,565,192,mask
1542,4,-1,268,290,395,421,face,-1,147,253,233,378,mask,-1,428,117,488,174,face,-1,530,135,565,192,mask
1543,4,-1,268,290,395,421,face,-1,147,253,233,378,mask,-1,428,117,488,174,face,-1,530,135,565,192,mask
1544,4,-1,268,290,395,421,face,-1,147,253,233,378,mask,-1,414,116,475,173,face,-1,513,134,552,197,mask
1545,4,-1,268,290,395,421,face,-1,147,253,233,378,mask,-1,414,116,475,173,face,-1,513,134,552,197,mask
1546,4,-1,268,290,395,421,face,-1,147,253,233,378,mask,-1,412,116,473,173,face,-1,510,137,547,197,mask
1547,4,-1,268,290,395,421,face,-1,147,253,233,378,mask,-1,412,116,473,173,face,-1,510,137,547,197,mask
1548,4,-1,268,290,395,421,face,-1,157,254,234,366,mask,-1,409,116,471,175,face,-1,508,137,546,199,mask
1549,4,-1,268,290,395,421,face,-1,157,254,234,366,mask,-1,409,116,471,175,face,-1,508,137,546,199,mask
1550,3,-1,234,355,361,486,face,-1,409,116,471,175,face,-1,508,137,546,199,mask
1551,3,-1,234,355,361,486,face,-1,409,116,471,175,face,-1,508,137,546,199,mask
1552,3,-1,203,382,349,532,face,-1,401,120,462,178,face,-1,490,133,532,200,mask
1553,3,-1,203,382,349,532,face,-1,401,120,462,178,face,-1,490,133,532,201,mask
1554,3,-1,203,382,349,532,face,-1,401,120,462,178,face,-1,490,133,532,200,mask
1555,3,-1,190,391,345,551,face,-1,398,120,460,179,face,-1,485,133,527,200,mask
1556,3,-1,183,396,344,562,face,-1,397,120,459,179,face,-1,482,132,525,201,mask
1557,3,-1,183,396,344,562,face,-1,397,120,459,179,face,-1,482,132,525,201,mask
1558,3,-1,183,396,344,562,face,-1,397,120,459,179,face,-1,482,132,525,201,mask
1559,3,-1,157,421,326,596,face,-1,393,121,454,179,face,-1,475,139,513,200,mask
1560,4,-1,150,427,318,600,face,-1,391,122,452,180,face,-1,475,144,509,198,mask,-1,617,111,666,166,mask
1561,4,-1,150,427,318,600,face,-1,391,122,452,180,face,-1,475,144,509,198,mask,-1,617,111,666,166,mask
1562,4,-1,138,435,310,613,face,-1,388,121,450,180,face,-1,473,144,506,197,mask,-1,615,110,665,167,mask
1563,3,-1,388,121,450,180,face,-1,473,144,506,197,mask,-1,615,110,665,167,mask
1564,3,-1,388,121,450,180,face,-1,473,144,506,197,mask,-1,615,110,665,167,mask
1565,3,-1,383,123,443,180,face,-1,469,155,497,201,mask,-1,609,111,662,170,mask
1566,3,-1,380,124,441,182,face,-1,459,135,512,201,mask,-1,608,111,660,170,mask
1567,3,-1,380,124,441,182,face,-1,459,135,512,201,mask,-1,608,111,660,170,mask
1568,3,-1,380,124,441,182,face,-1,459,135,512,201,mask,-1,608,111,660,170,mask
1569,3,-1,376,125,437,183,face,-1,458,136,512,203,mask,-1,606,109,661,171,mask
1570,3,-1,376,125,437,183,face,-1,458,136,512,203,mask,-1,606,109,661,171,mask
1571,3,-1,368,127,430,186,face,-1,458,138,513,207,mask,-1,603,109,657,170,mask
1572,3,-1,368,127,430,186,face,-1,458,138,513,207,mask,-1,603,109,657,170,mask
1573,3,-1,359,129,422,188,face,-1,460,137,516,207,mask,-1,600,110,654,171,mask
1574,3,-1,359,129,422,188,face,-1,460,137,516,207,mask,-1,600,110,654,171,mask
1575,3,-1,359,129,422,188,face,-1,460,137,516,207,mask,-1,600,110,654,171,mask
1576,3,-1,359,129,422,188,face,-1,460,137,516,207,mask,-1,600,110,654,171,mask
1577,3,-1,359,129,422,188,face,-1,460,137,516,207,mask,-1,600,110,654,171,mask
1578,3,-1,359,129,422,188,face,-1,460,137,516,207,mask,-1,600,110,654,171,mask
1579,3,-1,359,129,422,188,face,-1,460,137,516,207,mask,-1,600,110,654,171,mask
1580,3,-1,359,129,422,188,face,-1,460,137,516,207,mask,-1,600,110,654,171,mask
1581,3,-1,359,129,422,188,face,-1,460,137,516,207,mask,-1,600,110,654,171,mask
1582,3,-1,336,127,402,189,face,-1,461,138,520,212,mask,-1,585,107,644,174,mask
1583,3,-1,334,126,402,190,face,-1,461,138,521,212,mask,-1,583,107,642,174,mask
1584,3,-1,334,126,402,190,face,-1,461,138,521,212,mask,-1,583,107,642,174,mask
1585,3,-1,331,128,400,193,face,-1,461,139,521,214,mask,-1,577,107,638,176,mask
1586,3,-1,331,128,400,193,face,-1,461,139,521,214,mask,-1,577,107,638,176,mask
1587,3,-1,329,129,400,196,face,-1,461,141,521,216,mask,-1,571,108,632,176,mask
1588,3,-1,329,129,400,196,face,-1,461,141,521,216,mask,-1,571,108,632,176,mask
1589,3,-1,329,129,400,196,face,-1,461,141,521,216,mask,-1,571,108,632,176,mask
1590,3,-1,326,132,399,201,face,-1,460,144,520,219,mask,-1,560,106,623,177,mask
1591,3,-1,326,132,399,201,face,-1,460,144,520,219,mask,-1,560,106,623,177,mask
1592,3,-1,326,132,399,202,face,-1,459,144,520,220,mask,-1,556,105,620,177,mask
1593,3,-1,327,136,400,205,face,-1,456,146,518,223,mask,-1,546,103,610,175,mask
1594,3,-1,327,136,400,205,face,-1,456,146,518,223,mask,-1,546,103,610,175,mask
1595,3,-1,327,136,400,205,face,-1,455,147,518,225,mask,-1,543,103,607,175,mask
1596,3,-1,327,136,400,205,face,-1,455,147,518,225,mask,-1,543,103,607,175,mask
1597,3,-1,327,136,400,205,face,-1,455,147,518,225,mask,-1,543,103,607,175,mask
1598,3,-1,327,136,400,205,face,-1,455,147,518,225,mask,-1,543,103,607,175,mask
1599,3,-1,326,137,401,208,face,-1,447,149,512,230,mask,-1,531,101,597,175,mask
1600,3,-1,326,137,401,208,face,-1,447,149,512,230,mask,-1,531,101,597,175,mask
1601,3,-1,325,137,401,209,face,-1,445,149,510,230,mask,-1,530,101,596,175,mask
1602,3,-1,325,137,401,209,face,-1,445,149,510,230,mask,-1,530,101,596,175,mask
1603,3,-1,323,138,400,211,face,-1,440,149,507,232,mask,-1,526,101,592,175,mask
1604,3,-1,323,138,400,211,face,-1,440,149,507,232,mask,-1,526,101,592,175,mask
1605,3,-1,325,143,398,212,face,-1,435,150,503,235,mask,-1,522,102,590,178,mask
1606,3,-1,325,143,398,212,face,-1,435,150,503,235,mask,-1,522,102,590,178,mask
1607,3,-1,325,143,398,212,face,-1,435,150,503,235,mask,-1,522,102,590,178,mask
1608,3,-1,325,143,398,212,face,-1,435,150,503,235,mask,-1,522,102,590,178,mask
1609,3,-1,325,143,398,212,face,-1,435,150,503,235,mask,-1,522,102,590,178,mask
1610,3,-1,325,143,398,212,face,-1,435,150,503,235,mask,-1,522,102,590,178,mask
1611,3,-1,325,143,398,212,face,-1,435,150,503,235,mask,-1,522,102,590,178,mask
1612,3,-1,325,143,398,212,face,-1,435,150,503,235,mask,-1,522,102,590,178,mask
1613,3,-1,325,143,398,212,face,-1,435,150,503,235,mask,-1,522,102,590,178,mask
1614,3,-1,325,143,398,212,face,-1,435,150,503,235,mask,-1,522,102,590,178,mask
1615,3,-1,301,150,382,227,face,-1,421,156,494,247,mask,-1,510,106,580,184,mask
1616,3,-1,301,150,382,227,face,-1,421,156,494,247,mask,-1,510,106,580,184,mask
1617,3,-1,301,150,382,227,face,-1,421,156,494,247,mask,-1,510,106,580,184,mask
1618,3,-1,295,149,378,227,face,-1,417,161,492,254,mask,-1,507,106,577,185,mask
1619,3,-1,295,149,378,227,face,-1,417,161,492,254,mask,-1,507,106,577,185,mask
1620,3,-1,295,149,378,227,face,-1,417,161,492,254,mask,-1,507,106,577,185,mask
1621,3,-1,300,150,373,219,face,-1,415,166,492,262,mask,-1,502,105,574,186,mask
1622,3,-1,294,151,375,228,face,-1,415,166,493,263,mask,-1,500,105,574,188,mask
1623,3,-1,294,151,375,228,face,-1,415,166,493,263,mask,-1,500,105,574,188,mask
1624,3,-1,293,152,375,229,face,-1,416,168,494,265,mask,-1,498,104,573,188,mask
1625,3,-1,293,152,375,229,face,-1,416,168,494,265,mask,-1,498,104,573,188,mask
1626,3,-1,293,152,375,229,face,-1,416,168,494,265,mask,-1,498,104,573,188,mask
1627,3,-1,293,152,375,229,face,-1,416,168,494,265,mask,-1,498,104,573,188,mask
1628,3,-1,295,154,376,231,face,-1,415,170,493,267,mask,-1,493,105,568,189,mask
1629,3,-1,294,157,377,236,face,-1,412,173,493,273,mask,-1,489,105,566,191,mask
1630,3,-1,294,157,377,236,face,-1,412,173,493,273,mask,-1,489,105,566,191,mask
1631,3,-1,298,159,378,235,face,-1,411,173,492,274,mask,-1,487,105,564,191,mask
1632,3,-1,298,159,378,235,face,-1,411,173,492,274,mask,-1,487,105,564,191,mask
1633,3,-1,298,159,378,235,face,-1,411,173,492,274,mask,-1,487,105,564,191,mask
1634,3,-1,298,159,378,235,face,-1,411,173,492,274,mask,-1,487,105,564,191,mask
1635,3,-1,298,159,378,235,face,-1,411,173,492,274,mask,-1,487,105,564,191,mask
1636,3,-1,303,165,377,235,face,-1,402,177,489,286,mask,-1,469,107,550,198,mask
1637,3,-1,303,167,375,235,face,-1,402,179,490,288,mask,-1,465,106,547,198,mask
1638,3,-1,303,167,375,235,face,-1,402,179,490,288,mask,-1,465,106,547,198,mask
1639,3,-1,301,169,373,237,face,-1,401,181,490,291,mask,-1,462,105,545,198,mask
1640,3,-1,301,169,373,237,face,-1,401,181,490,291,mask,-1,462,105,545,198,mask
1641,3,-1,301,169,373,237,face,-1,401,181,490,291,mask,-1,462,105,545,198,mask
1642,3,-1,301,169,373,237,face,-1,401,181,490,291,mask,-1,462,105,545,198,mask
1643,3,-1,278,179,352,249,face,-1,388,196,486,318,mask,-1,444,104,529,199,mask
1644,3,-1,272,181,346,251,face,-1,386,198,485,321,mask,-1,441,104,526,200,mask
1645,3,-1,272,181,346,251,face,-1,386,198,485,321,mask,-1,441,104,526,200,mask
1646,3,-1,272,181,346,251,face,-1,386,198,485,321,mask,-1,441,104,526,200,mask
1647,3,-1,272,181,346,251,face,-1,386,198,485,321,mask,-1,441,104,526,200,mask
1648,3,-1,272,181,346,251,face,-1,386,198,485,321,mask,-1,441,104,526,200,mask
1649,3,-1,247,184,319,253,face,-1,372,202,478,334,mask,-1,433,103,520,201,mask
1650,3,-1,243,186,314,254,face,-1,370,203,477,336,mask,-1,431,103,518,201,mask
1651,3,-1,217,186,314,279,face,-1,370,203,477,336,mask,-1,431,103,518,201,mask
1652,3,-1,204,186,303,281,face,-1,365,206,475,343,mask,-1,427,104,515,203,mask
1653,3,-1,204,186,303,281,face,-1,365,206,475,343,mask,-1,427,104,515,203,mask
1654,3,-1,204,186,303,281,face,-1,365,206,475,343,mask,-1,427,104,515,203,mask
1655,3,-1,179,187,284,288,face,-1,353,211,471,358,mask,-1,421,106,511,207,mask
1656,3,-1,179,187,284,288,face,-1,353,211,471,358,mask,-1,421,106,511,207,mask
1657,3,-1,179,187,284,288,face,-1,353,211,471,358,mask,-1,421,106,511,207,mask
1658,3,-1,179,187,284,288,face,-1,353,211,471,358,mask,-1,421,106,511,207,mask
1659,3,-1,155,189,269,298,face,-1,341,220,466,376,mask,-1,416,110,508,213,mask
1660,3,-1,155,189,269,298,face,-1,341,220,466,376,mask,-1,416,110,508,213,mask
1661,3,-1,155,189,269,298,face,-1,341,220,466,376,mask,-1,416,110,508,213,mask
1662,3,-1,155,189,269,298,face,-1,341,220,466,376,mask,-1,416,110,508,213,mask
1663,3,-1,140,200,248,304,face,-1,329,231,459,393,mask,-1,414,112,508,218,mask
1664,3,-1,140,200,248,304,face,-1,329,231,459,393,mask,-1,414,112,508,218,mask
1665,3,-1,123,208,238,318,face,-1,316,244,451,412,mask,-1,413,111,509,219,mask
1666,3,-1,123,208,238,318,face,-1,316,244,451,412,mask,-1,413,111,509,219,mask
1667,3,-1,123,208,238,318,face,-1,316,244,451,412,mask,-1,413,111,509,219,mask
1668,3,-1,123,208,238,318,face,-1,316,244,451,412,mask,-1,413,111,509,219,mask
1669,3,-1,106,217,225,331,face,-1,301,260,444,438,mask,-1,411,112,509,222,mask
1670,3,-1,94,223,217,341,face,-1,291,269,441,456,mask,-1,409,112,508,223,mask
1671,3,-1,94,223,217,341,face,-1,291,269,441,456,mask,-1,409,112,508,223,mask
1672,3,-1,85,224,218,352,face,-1,286,272,442,466,mask,-1,409,112,508,223,mask
1673,3,-1,85,224,218,352,face,-1,286,272,442,466,mask,-1,409,112,508,223,mask
1674,3,-1,85,224,218,352,face,-1,286,272,442,466,mask,-1,409,112,508,223,mask
1675,3,-1,59,226,217,378,face,-1,268,278,439,491,mask,-1,405,114,504,226,mask
1676,3,-1,59,226,217,378,face,-1,268,278,439,491,mask,-1,405,114,504,226,mask
1677,3,-1,41,225,218,395,face,-1,257,284,435,506,mask,-1,402,115,502,227,mask
1678,3,-1,41,225,218,395,face,-1,257,284,435,506,mask,-1,402,115,502,227,mask
1679,3,-1,41,225,218,395,face,-1,257,284,435,506,mask,-1,402,115,502,227,mask
1680,3,-1,41,225,218,395,face,-1,257,284,435,506,mask,-1,402,115,502,227,mask
1681,3,-1,41,225,218,395,face,-1,257,284,435,506,mask,-1,402,115,502,227,mask
1682,3,-1,41,225,218,395,face,-1,257,284,435,506,mask,-1,402,115,502,227,mask
1683,3,-1,39,224,217,395,face,-1,257,284,435,506,mask,-1,388,120,490,234,mask
1684,3,-1,39,224,217,395,face,-1,257,284,435,506,mask,-1,388,120,490,234,mask
1685,2,-1,202,310,380,532,mask,-1,384,121,486,236,mask
1686,2,-1,183,319,365,546,mask,-1,377,122,480,238,mask
1687,2,-1,183,319,365,546,mask,-1,377,122,480,238,mask
1688,2,-1,162,326,350,560,mask,-1,369,121,473,238,mask
1689,2,-1,162,326,350,560,mask,-1,369,121,473,238,mask
1690,2,-1,162,326,350,560,mask,-1,369,121,473,238,mask
1691,2,-1,130,329,323,570,mask,-1,356,120,462,239,mask
1692,2,-1,130,329,323,570,mask,-1,356,120,462,239,mask
1693,2,-1,130,329,323,570,mask,-1,356,120,462,239,mask
1694,2,-1,135,341,293,538,mask,-1,345,119,454,242,mask
1695,2,-1,135,341,293,538,mask,-1,345,119,454,242,mask
1696,2,-1,135,341,293,538,mask,-1,345,119,454,242,mask
1697,2,-1,135,341,293,538,mask,-1,345,119,454,242,mask
1698,2,-1,135,341,293,538,mask,-1,345,119,454,242,mask
1699,2,-1,135,341,293,538,mask,-1,332,118,444,244,mask
1700,2,-1,135,341,293,538,mask,-1,330,118,443,245,mask
1701,2,-1,135,341,293,538,mask,-1,328,119,442,247,mask
1702,1,-1,328,119,442,247,mask
1703,1,-1,328,119,442,247,mask
1704,1,-1,341,133,435,237,mask
1705,1,-1,341,133,435,237,mask
1706,1,-1,341,133,435,237,mask
1707,1,-1,332,136,429,243,mask
1708,1,-1,328,139,427,249,mask
1709,1,-1,328,139,427,249,mask
1710,1,-1,328,139,427,249,mask
1711,1,-1,328,139,427,249,mask
1712,1,-1,326,141,428,254,mask
1713,1,-1,325,141,429,256,mask
1714,1,-1,325,141,429,256,mask
1715,1,-1,324,142,429,258,mask
1716,1,-1,324,142,429,258,mask
1717,1,-1,324,142,429,258,mask
1718,1,-1,322,142,431,262,mask
1719,1,-1,322,142,431,262,mask
1720,1,-1,321,142,431,263,mask
1721,1,-1,321,142,431,263,mask
1722,1,-1,319,143,431,267,mask
1723,1,-1,319,143,431,267,mask
1724,1,-1,319,143,431,267,mask
1725,1,-1,319,143,431,267,mask
1726,1,-1,315,144,429,270,mask
1727,1,-1,314,144,428,270,mask
1728,1,-1,314,144,428,270,mask
1729,1,-1,313,145,427,272,mask
1730,1,-1,313,145,427,272,mask
1731,1,-1,313,145,427,272,mask
1732,1,-1,313,145,427,272,mask
1733,1,-1,305,145,423,275,mask
1734,1,-1,305,145,423,275,mask
1735,1,-1,299,144,420,278,mask
1736,1,-1,299,144,420,278,mask
1737,1,-1,299,144,420,278,mask
1738,1,-1,299,144,420,278,mask
1739,1,-1,288,143,413,281,mask
1740,1,-1,288,143,413,281,mask
1741,1,-1,276,143,400,280,mask
1742,1,-1,276,143,400,280,mask
1743,1,-1,273,142,399,281,mask
1744,1,-1,273,142,399,281,mask
1745,1,-1,273,142,399,281,mask
1746,1,-1,273,142,399,281,mask
1747,1,-1,265,141,390,279,mask
1748,1,-1,265,141,390,279,mask
1749,1,-1,257,139,381,276,mask
1750,1,-1,254,140,376,275,mask
1751,1,-1,254,140,376,275,mask
1752,1,-1,234,152,356,287,mask
1753,1,-1,234,152,356,287,mask
1754,1,-1,234,152,356,287,mask
1755,1,-1,234,152,356,287,mask
1756,1,-1,221,152,341,285,mask
1757,1,-1,215,152,335,284,mask
1758,1,-1,215,152,335,284,mask
1759,1,-1,215,152,335,284,mask
1760,1,-1,215,152,335,284,mask
1761,1,-1,210,151,330,283,mask
1762,1,-1,210,151,330,283,mask
1763,1,-1,205,152,322,282,mask
1764,1,-1,203,153,320,283,mask
1765,1,-1,201,152,318,282,mask
1766,1,-1,201,152,318,282,mask
1767,1,-1,201,152,318,282,mask
1768,1,-1,193,154,310,284,mask
1769,1,-1,192,155,308,284,mask
1770,1,-1,192,155,308,284,mask
1771,1,-1,192,155,308,284,mask
1772,1,-1,185,156,304,288,mask
1773,1,-1,185,156,304,288,mask
1774,1,-1,185,156,304,288,mask
1775,1,-1,185,157,304,288,mask
1776,1,-1,185,157,304,288,mask
1777,1,-1,180,161,301,295,mask
1778,1,-1,180,161,301,295,mask
1779,1,-1,180,161,301,295,mask
1780,1,-1,180,161,301,295,mask
1781,1,-1,180,161,301,295,mask
1782,1,-1,170,170,301,315,mask
1783,1,-1,169,171,302,318,mask
1784,1,-1,169,171,302,318,mask
1785,1,-1,169,171,302,318,mask
1786,1,-1,169,171,302,318,mask
1787,1,-1,161,176,299,329,mask
1788,1,-1,161,176,299,329,mask
1789,1,-1,161,176,299,329,mask
1790,1,-1,154,178,298,337,mask
1791,1,-1,153,179,296,338,mask
1792,1,-1,153,179,296,338,mask
1793,1,-1,153,179,296,338,mask
1794,1,-1,153,179,296,338,mask
1795,1,-1,134,183,289,355,mask
1796,1,-1,134,183,289,355,mask
1797,1,-1,134,183,289,355,mask
1798,1,-1,134,183,289,355,mask
1799,1,-1,134,183,289,355,mask
1800,1,-1,134,183,289,355,mask
1801,1,-1,134,183,289,355,mask
1802,1,-1,134,183,289,355,mask
1803,1,-1,134,183,289,355,mask
1804,1,-1,134,183,289,355,mask
1805,1,-1,74,201,255,401,mask
1806,1,-1,64,204,247,406,mask
1807,1,-1,64,204,247,406,mask
1808,1,-1,64,204,247,406,mask
1809,1,-1,64,204,247,406,mask
1810,1,-1,64,204,247,406,mask
1811,1,-1,64,204,247,406,mask
1812,1,-1,64,204,247,406,mask
1813,1,-1,64,204,247,406,mask
1814,1,-1,64,204,247,406,mask
1815,1,-1,64,204,247,406,mask
1816,1,-1,64,204,247,406,mask
